SYMBOL,SERIES,DATE1,PREV_CLOSE,OPEN_PRICE,HIGH_PRICE,LOW_PRICE,LAST_PRICE,CLOSE_PRICE,AVG_PRICE,TTL_TRD_QNTY,TURNOVER_LACS,NO_OF_TRADES,DELIV_QTY,DELIV_PER
PRUDENT,EQ,20-05-2022,630.00,650.00,650.00,541.0,566.30,561.75,595.59,"32,03,719","1,90,80,91,074.05","82,932","6,34,486",19.8
PRUDENT,EQ,23-05-2022,561.75,549.90,575.00,514.7,521.70,521.65,532.40,"3,53,766","18,83,45,156.90","17,147","67,928",19.2
PRUDENT,EQ,24-05-2022,521.65,510.15,517.00,495.55,501.80,502.95,503.89,"2,81,534","14,18,62,407.15","9,543","77,017",27.36
PRUDENT,EQ,25-05-2022,502.95,501.30,514.95,481.5,494.50,494.00,494.76,"1,77,931","8,80,32,323.55","9,471","38,434",21.6
PRUDENT,EQ,26-05-2022,494.00,499.90,503.00,470.35,472.30,475.50,483.78,"1,13,670","5,49,91,710.35","6,069","25,772",22.67
PRUDENT,EQ,27-05-2022,475.50,482.05,521.70,476.25,508.60,512.10,501.93,"2,74,040","13,75,48,156.10","12,060","70,312",25.66
PRUDENT,EQ,30-05-2022,512.10,512.00,612.00,500.0,599.00,601.15,579.24,"6,95,305","40,27,47,763.80","25,414","1,86,564",26.83
PRUDENT,EQ,31-05-2022,601.15,595.00,618.75,572.2,574.00,585.10,596.27,"4,95,039","29,51,79,092.40","21,550","98,841",19.97
PRUDENT,EQ,01-06-2022,585.10,589.90,598.30,550.25,577.10,576.90,579.11,"1,65,359","9,57,61,527.00","6,164","51,384",31.07
PRUDENT,EQ,02-06-2022,576.90,583.00,596.90,571.0,578.00,581.95,593.20,"5,90,323","35,01,76,800.90","6,678","4,45,306",75.43
PRUDENT,EQ,03-06-2022,581.95,590.00,602.00,560.5,564.00,565.00,592.57,"5,28,647","31,32,60,839.25","7,321","3,40,371",64.39
PRUDENT,EQ,06-06-2022,565.00,567.00,567.00,540.1,545.40,544.40,547.37,"63,905","3,49,79,552.70","3,299","14,817",23.19
PRUDENT,EQ,07-06-2022,544.40,542.10,555.75,535.95,541.25,543.70,545.95,"86,391","4,71,65,347.05","6,589","24,534",28.4
PRUDENT,EQ,08-06-2022,543.70,541.00,586.95,538.55,582.00,580.30,570.20,"2,53,045","14,42,86,253.80","10,608","1,11,131",43.92
PRUDENT,EQ,09-06-2022,580.30,584.50,602.25,571.05,596.00,596.20,591.77,"2,54,224","15,04,42,703.80","9,659","1,06,554",41.91
PRUDENT,EQ,10-06-2022,596.20,595.00,598.00,579.9,583.60,584.50,589.00,"80,145","4,72,05,128.90","3,062","21,696",27.07
PRUDENT,EQ,13-06-2022,584.50,582.50,582.50,552.0,555.00,560.25,564.37,"60,196","3,39,72,756.55","2,741","17,320",28.77
PRUDENT,EQ,14-06-2022,560.25,555.00,595.30,553.35,556.00,557.25,571.16,"93,350","5,33,17,469.05","4,950","21,682",23.23
PRUDENT,EQ,15-06-2022,557.25,568.40,582.95,546.2,549.60,551.95,567.34,"1,16,644","6,61,77,100.00","5,206","28,859",24.74
PRUDENT,EQ,16-06-2022,551.95,556.05,565.10,520.1,523.40,526.80,544.38,"38,770","2,11,05,658.25","2,930","14,840",38.28
PRUDENT,EQ,17-06-2022,526.80,526.80,535.00,460.95,500.00,499.90,497.33,"2,66,465","13,25,21,882.60","15,847","1,00,611",37.76
PRUDENT,EQ,20-06-2022,499.90,501.00,507.60,477.35,482.00,487.90,492.21,"36,300","1,78,67,318.05","3,684","11,524",31.75
PRUDENT,EQ,21-06-2022,487.90,489.00,521.65,486.15,494.95,496.90,503.25,"60,426","3,04,09,383.05","3,841","18,336",30.34
PRUDENT,EQ,22-06-2022,496.90,492.50,500.10,481.6,485.20,485.10,491.02,"57,252","2,81,11,847.95","3,755","22,313",38.97
PRUDENT,EQ,23-06-2022,485.10,490.00,496.40,485.15,490.00,490.85,491.01,"21,856","1,07,31,507.20","2,291","8,924",40.83
PRUDENT,EQ,24-06-2022,490.85,487.55,499.90,485.0,488.00,489.20,493.60,"12,134","59,89,346.65","1,056","3,424",28.22
PRUDENT,EQ,27-06-2022,489.20,495.00,509.50,493.0,505.00,506.20,504.13,"42,652","2,15,02,050.40","3,105","12,901",30.25
PRUDENT,EQ,28-06-2022,506.20,501.10,512.95,497.05,505.65,508.95,506.09,"40,751","2,06,23,602.95","2,364","17,300",42.45
PRUDENT,EQ,29-06-2022,508.95,502.05,513.65,501.0,502.10,506.40,509.01,"28,017","1,42,60,851.70","1,314","17,997",64.24
PRUDENT,EQ,30-06-2022,506.40,502.30,509.50,492.2,494.00,497.80,503.19,"10,201","51,33,010.05","1,017","2,634",25.82
PRUDENT,EQ,01-07-2022,497.80,492.15,497.20,485.0,486.45,488.20,491.15,"8,997","44,18,838.20","1,068","3,805",42.29
PRUDENT,EQ,04-07-2022,488.20,480.20,505.90,477.55,496.10,499.10,494.56,"11,340","56,08,278.45",848,"5,496",48.47
PRUDENT,EQ,05-07-2022,499.10,500.00,503.75,480.1,485.00,489.20,495.48,"13,301","65,90,416.70","1,141","4,275",32.14
PRUDENT,EQ,06-07-2022,489.20,481.50,501.85,481.5,497.50,499.15,492.99,"33,102","1,63,18,932.85","1,244","24,235",73.21
PRUDENT,EQ,07-07-2022,499.15,498.10,518.85,497.05,503.00,501.80,504.77,"36,302","1,83,24,302.25","1,662","24,297",66.93
PRUDENT,EQ,08-07-2022,501.80,497.00,506.95,490.0,496.00,493.80,498.20,"15,521","77,32,589.75","1,332","7,255",46.74
PRUDENT,EQ,11-07-2022,493.80,493.80,502.70,492.65,502.00,501.10,497.48,"9,626","47,88,768.25","1,079","2,692",27.97
PRUDENT,EQ,12-07-2022,501.10,508.60,508.60,490.0,495.00,492.35,498.37,"17,224","85,83,934.60","2,310","6,082",35.31
PRUDENT,EQ,13-07-2022,492.35,505.00,505.00,488.0,493.50,491.90,493.95,"10,146","50,11,618.50","1,050","2,606",25.68
PRUDENT,EQ,14-07-2022,491.90,489.00,494.00,485.0,488.90,487.20,489.17,"6,577","32,17,303.70",848,"3,640",55.34
PRUDENT,EQ,15-07-2022,487.20,485.00,496.05,483.05,485.00,484.80,487.75,"6,859","33,45,474.15",981,"3,263",47.57
PRUDENT,EQ,18-07-2022,484.80,492.05,492.05,485.05,486.05,486.95,486.91,"4,853","23,62,997.75",553,"2,935",60.48
PRUDENT,EQ,19-07-2022,486.95,482.20,494.80,480.5,494.80,490.25,488.54,"6,989","34,14,374.80",964,"3,535",50.58
PRUDENT,EQ,20-07-2022,490.25,490.25,500.00,490.25,495.45,495.10,495.90,"8,469","41,99,786.75",886,"5,258",62.09
PRUDENT,EQ,21-07-2022,495.10,491.00,503.75,491.0,498.95,496.95,497.41,"5,792","28,80,979.30",928,"3,133",54.09
PRUDENT,EQ,22-07-2022,496.95,495.00,502.60,491.3,496.00,495.25,497.71,"4,396","21,87,933.85",598,"2,273",51.71
PRUDENT,EQ,25-07-2022,495.25,490.30,508.00,489.0,500.00,500.60,502.25,"13,167","66,13,175.90","1,083","6,353",48.25
PRUDENT,EQ,26-07-2022,500.60,493.20,505.00,493.2,504.00,503.60,501.65,"6,383","32,02,036.40",649,"4,354",68.21
PRUDENT,EQ,27-07-2022,503.60,496.05,550.00,496.05,532.50,534.50,530.97,"75,031","3,98,39,010.30","4,596","20,075",26.76
PRUDENT,EQ,28-07-2022,534.50,540.00,559.80,525.9,555.00,549.65,543.81,"39,079","2,12,51,663.65","3,488","17,121",43.81
PRUDENT,EQ,29-07-2022,549.65,549.65,564.00,528.7,542.00,542.50,547.41,"23,480","1,28,53,231.15","1,951","9,832",41.87
PRUDENT,EQ,01-08-2022,542.50,560.00,560.00,538.9,553.80,549.20,548.69,"32,585","1,78,79,191.90","4,162","8,725",26.78
PRUDENT,EQ,02-08-2022,549.20,549.20,559.95,466.6,553.50,551.75,539.40,"44,502","2,40,04,580.90","4,724","15,614",35.09
PRUDENT,EQ,03-08-2022,551.75,546.25,598.00,546.25,595.00,591.75,576.22,"95,882","5,52,48,980.40","9,895","38,253",39.9
PRUDENT,EQ,04-08-2022,591.75,597.00,637.95,594.6,615.00,617.75,623.52,"1,62,323","10,12,10,873.25","9,575","57,690",35.54
PRUDENT,EQ,05-08-2022,617.75,615.00,634.75,606.6,621.90,626.55,623.52,"60,435","3,76,82,394.10","4,815","23,945",39.62
PRUDENT,EQ,08-08-2022,626.55,615.15,629.85,612.65,625.15,622.00,617.91,"28,791","1,77,90,107.85","2,093","16,778",58.28
PRUDENT,EQ,10-08-2022,622.00,622.00,644.95,620.1,626.10,626.65,633.49,"54,790","3,47,09,096.30","3,733","30,019",54.79
PRUDENT,EQ,11-08-2022,626.65,620.00,635.00,617.2,630.00,628.85,627.13,"19,438","1,21,90,121.85","1,639","13,294",68.39
PRUDENT,EQ,12-08-2022,628.85,600.00,644.90,591.15,630.00,630.05,633.84,"48,647","3,08,34,328.45","4,049","23,519",48.35
PRUDENT,EQ,16-08-2022,630.05,615.25,649.00,614.0,620.00,619.35,621.13,"96,791","6,01,19,366.60","5,766","82,603",85.34
PRUDENT,EQ,17-08-2022,619.35,632.40,636.00,615.6,618.20,617.30,621.70,"24,213","1,50,53,267.50","2,263","13,449",55.54
PRUDENT,EQ,18-08-2022,617.30,611.05,619.95,611.05,615.00,618.40,615.73,"17,592","1,08,31,931.20","1,425","13,520",76.85
PRUDENT,EQ,19-08-2022,618.40,618.00,626.40,613.6,616.20,615.10,615.59,"10,888","67,02,492.20",989,"7,732",71.01
PRUDENT,EQ,22-08-2022,615.10,606.60,620.00,606.6,615.10,614.90,615.16,"32,485","1,99,83,625.90","1,545","27,824",85.65
PRUDENT,EQ,23-08-2022,614.90,605.00,628.45,605.0,615.25,615.65,618.61,"7,562","46,77,941.10",933,"3,310",43.77
PRUDENT,EQ,24-08-2022,615.65,615.25,625.00,607.0,615.50,615.10,612.79,"18,440","1,12,99,907.80","3,192","12,481",67.68
PRUDENT,EQ,25-08-2022,615.10,615.10,643.15,615.0,616.00,615.20,628.59,"31,393","1,97,33,404.60","2,949","11,516",36.68
PRUDENT,EQ,26-08-2022,615.20,616.00,619.95,614.95,615.00,615.85,615.87,"11,880","73,16,505.65",726,"7,471",62.89
PRUDENT,EQ,29-08-2022,615.85,600.00,606.50,570.95,586.00,589.55,591.72,"34,197","2,02,35,143.10","4,259","12,265",35.87
PRUDENT,EQ,30-08-2022,589.55,595.40,617.95,595.4,617.00,612.20,608.39,"20,377","1,23,97,156.95","1,978","10,658",52.3
PRUDENT,EQ,01-09-2022,612.20,612.20,618.50,590.4,601.90,601.15,602.94,"25,707","1,54,99,716.05","2,723","9,320",36.25
PRUDENT,EQ,02-09-2022,601.15,610.00,611.00,595.45,605.00,604.90,604.01,"28,370","1,71,35,642.75","1,536","22,206",78.27
PRUDENT,EQ,05-09-2022,604.90,598.85,624.85,596.45,616.20,619.65,617.53,"14,105","87,10,257.35","1,700","7,783",55.18
PRUDENT,EQ,06-09-2022,619.65,619.65,675.00,613.25,660.00,658.70,658.80,"3,57,625","23,56,02,277.60","23,028","1,29,445",36.2
PRUDENT,EQ,07-09-2022,658.70,658.00,680.00,654.95,655.05,657.10,666.01,"1,00,174","6,67,16,746.05","9,060","45,996",45.92
PRUDENT,EQ,08-09-2022,657.10,660.00,694.00,648.55,692.00,685.80,674.52,"95,852","6,46,54,225.65","7,313","50,603",52.79
PRUDENT,EQ,09-09-2022,685.80,695.00,700.00,664.0,680.00,690.10,679.85,"72,674","4,94,07,767.90","6,703","24,803",34.13
PRUDENT,EQ,12-09-2022,690.10,695.00,700.00,679.9,691.00,686.00,689.36,"69,284","4,77,61,504.10","6,025","26,465",38.2
PRUDENT,EQ,13-09-2022,686.00,686.05,710.95,685.0,700.00,699.95,700.08,"1,15,208","8,06,54,857.70","7,820","41,382",35.92
PRUDENT,EQ,14-09-2022,699.95,692.00,718.00,681.9,715.00,711.85,710.28,"92,113","6,54,26,143.85","7,119","42,407",46.04
PRUDENT,EQ,15-09-2022,711.85,712.00,721.95,676.25,692.00,691.60,690.69,"57,283","3,95,64,563.60","6,973","23,323",40.72
PRUDENT,EQ,16-09-2022,691.60,698.90,698.90,652.25,663.00,663.35,686.16,"63,151","4,33,31,902.40","2,946","51,396",81.39
PRUDENT,EQ,19-09-2022,663.35,655.00,680.25,645.65,675.00,674.05,672.25,"54,356","3,65,40,834.95","3,336","36,547",67.24
PRUDENT,EQ,20-09-2022,674.05,690.00,695.15,676.25,684.00,685.25,685.27,"26,483","1,81,47,947.85","2,060","18,666",70.48
PRUDENT,EQ,21-09-2022,685.25,680.00,689.85,652.05,658.90,656.85,667.00,"20,374","1,35,89,528.60","2,285","11,421",56.06
PRUDENT,EQ,22-09-2022,656.85,651.00,692.00,640.55,647.00,648.45,662.69,"69,858","4,62,93,986.15","4,899","42,793",61.26
PRUDENT,EQ,23-09-2022,648.45,652.60,652.60,604.95,605.00,611.50,622.62,"67,479","4,20,14,073.40","4,184","47,369",70.2
PRUDENT,EQ,26-09-2022,611.50,603.00,604.75,583.85,600.10,595.80,592.24,"25,843","1,53,05,370.25","2,491","14,105",54.58
PRUDENT,EQ,27-09-2022,595.80,600.00,679.55,600.0,671.70,671.85,657.45,"1,84,565","12,13,42,197.50","15,604","62,790",34.02
PRUDENT,EQ,28-09-2022,671.85,650.15,729.20,647.7,701.55,701.05,700.72,"2,80,324","19,64,29,819.10","18,954","79,863",28.49
PRUDENT,EQ,29-09-2022,701.05,708.75,734.45,693.85,723.00,721.55,717.16,"1,48,735","10,66,67,232.10","9,734","50,417",33.9
PRUDENT,EQ,30-09-2022,721.55,708.00,750.00,701.0,730.60,730.20,727.40,"1,29,218","9,39,93,423.70","8,554","28,739",22.24
PRUDENT,EQ,03-10-2022,730.20,717.55,745.00,678.0,681.00,689.40,723.52,"1,12,888","8,16,76,854.65","9,794","21,969",19.46
PRUDENT,EQ,04-10-2022,689.40,692.30,704.05,684.55,685.75,689.70,693.38,"43,336","3,00,48,433.90","3,567","10,862",25.06
PRUDENT,EQ,06-10-2022,689.70,694.70,709.95,682.1,707.90,697.65,698.44,"1,25,509","8,76,60,077.70","6,167","49,524",39.46
PRUDENT,EQ,07-10-2022,697.65,704.25,724.90,692.2,704.00,707.35,705.75,"57,987","4,09,24,226.95","4,590","15,559",26.83
PRUDENT,EQ,10-10-2022,707.35,700.00,717.80,689.25,693.10,693.80,706.09,"38,639","2,72,82,612.55","4,255","8,507",22.02
PRUDENT,EQ,11-10-2022,693.80,698.45,706.00,672.2,675.50,678.75,695.34,"21,974","1,52,79,471.70","2,342","6,763",30.78
PRUDENT,EQ,12-10-2022,678.75,689.45,690.00,655.05,661.00,659.55,665.72,"40,853","2,71,96,678.70","5,303","20,470",50.11
PRUDENT,EQ,13-10-2022,659.55,661.00,670.00,660.0,665.20,665.80,663.99,"17,861","1,18,59,581.25","1,458","10,169",56.93
PRUDENT,EQ,14-10-2022,665.80,686.00,714.00,669.8,693.50,695.55,697.11,"73,019","5,09,02,624.45","5,179","15,661",21.45
PRUDENT,EQ,17-10-2022,695.55,681.10,703.90,675.0,675.20,677.20,683.43,"13,655","93,32,185.85","1,757","5,973",43.74
PRUDENT,EQ,18-10-2022,677.20,684.70,708.05,677.45,699.40,696.00,696.68,"17,567","1,22,38,551.80","2,269","7,961",45.32
PRUDENT,EQ,19-10-2022,696.00,702.80,707.60,691.9,701.00,701.65,696.92,"1,40,024","9,75,85,546.55","2,462","47,947",34.24
PRUDENT,EQ,20-10-2022,701.65,707.50,741.90,700.0,700.30,703.75,715.32,"35,400","2,53,22,366.95","3,570","12,761",36.05
PRUDENT,EQ,21-10-2022,703.75,712.80,715.00,687.5,695.00,702.30,708.08,"21,312","1,50,90,514.20","1,379","14,259",66.91
PRUDENT,EQ,24-10-2022,702.30,702.30,710.00,693.05,693.05,700.70,702.17,"3,765","26,43,653.05",411,"2,321",61.65
PRUDENT,EQ,25-10-2022,700.70,711.15,723.90,695.8,710.00,719.75,714.39,"22,648","1,61,79,572.30","2,728","11,613",51.28
PRUDENT,EQ,27-10-2022,719.75,725.00,739.80,712.4,732.00,730.85,728.74,"29,926","2,18,08,224.85","3,497","15,906",53.15
PRUDENT,EQ,28-10-2022,730.85,735.00,741.90,715.0,724.00,720.65,728.18,"24,099","1,75,48,460.95","3,230","14,097",58.5
PRUDENT,EQ,31-10-2022,720.65,730.00,733.20,678.55,692.00,690.95,698.61,"42,939","2,99,97,558.10","4,516","18,600",43.32
PRUDENT,EQ,01-11-2022,690.95,693.00,713.65,689.75,699.00,700.20,700.10,"31,326","2,19,31,371.15","4,634","14,345",45.79
PRUDENT,EQ,02-11-2022,700.20,713.00,840.20,705.95,790.00,791.35,789.85,"5,47,997","43,28,36,480.85","33,171","1,79,916",32.83
PRUDENT,EQ,03-11-2022,791.35,795.00,808.95,781.05,796.00,797.85,797.19,"1,21,088","9,65,30,531.45","9,221","31,179",25.75
PRUDENT,EQ,04-11-2022,797.85,805.00,847.50,791.35,796.00,797.00,815.76,"1,14,509","9,34,11,546.45","11,009","44,035",38.46
PRUDENT,EQ,07-11-2022,797.00,801.60,827.95,793.55,799.00,798.55,804.60,"85,129","6,84,94,945.80","9,684","24,381",28.64
PRUDENT,EQ,09-11-2022,798.55,822.90,830.00,793.45,813.40,815.20,817.14,"74,906","6,12,08,842.15","7,487","27,367",36.54
PRUDENT,EQ,10-11-2022,815.20,828.00,828.00,787.05,795.00,793.55,800.45,"28,748","2,30,11,269.10","2,908","15,898",55.3
PRUDENT,EQ,11-11-2022,793.55,804.00,804.00,743.95,797.00,794.85,795.24,"28,059","2,23,13,713.60","2,619","13,680",48.75
PRUDENT,EQ,14-11-2022,794.85,796.00,809.40,790.6,797.50,795.45,797.77,"22,303","1,77,92,578.65","3,019","10,399",46.63
PRUDENT,EQ,15-11-2022,795.45,796.20,808.40,790.0,795.00,795.55,796.74,"37,526","2,98,98,437.95","4,722","20,980",55.91
PRUDENT,EQ,16-11-2022,795.55,796.00,826.00,796.0,800.00,798.60,806.65,"77,524","6,25,34,849.15","7,100","22,316",28.79
PRUDENT,EQ,17-11-2022,798.60,785.00,809.20,785.0,795.00,795.85,797.80,"27,004","2,15,43,892.10","3,060","16,290",60.32
PRUDENT,EQ,18-11-2022,795.85,804.00,810.00,793.0,796.05,804.60,801.14,"27,862","2,23,21,327.55","4,246","17,489",62.77
PRUDENT,EQ,21-11-2022,804.60,796.05,810.00,791.05,797.00,795.10,795.81,"14,858","1,18,24,134.80","1,524","8,212",55.27
PRUDENT,EQ,22-11-2022,795.10,809.00,809.95,795.5,802.00,806.40,803.30,"21,310","1,71,18,409.85","2,358","14,051",65.94
PRUDENT,EQ,23-11-2022,806.40,813.00,865.00,806.05,840.15,840.80,841.69,"79,415","6,68,42,740.70","7,902","31,981",40.27
PRUDENT,EQ,24-11-2022,840.80,846.80,854.90,822.5,835.00,830.15,833.43,"16,856","1,40,48,340.10","2,034","8,936",53.01
PRUDENT,EQ,25-11-2022,830.15,839.80,840.00,823.5,831.00,828.30,835.00,"10,004","83,53,327.95","1,302","5,587",55.85
PRUDENT,EQ,28-11-2022,828.30,828.30,845.10,820.0,842.00,841.85,837.06,"13,559","1,13,49,660.50","1,301","8,039",59.29
PRUDENT,EQ,29-11-2022,841.85,843.80,897.30,840.0,893.95,888.55,878.76,"84,791","7,45,11,114.15","8,909","29,931",35.3
PRUDENT,EQ,30-11-2022,888.55,910.00,910.00,880.1,887.25,887.55,897.01,"54,940","4,92,81,882.75","5,412","16,518",30.07
PRUDENT,EQ,01-12-2022,887.55,884.00,942.35,883.9,934.80,930.30,920.69,"63,254","5,82,37,636.75","6,584","19,192",30.34
PRUDENT,EQ,02-12-2022,930.30,930.30,955.00,920.0,925.00,937.60,935.73,"70,707","6,61,62,596.40","10,037","43,650",61.73
PRUDENT,EQ,05-12-2022,937.60,936.00,982.95,936.0,960.05,966.10,966.72,"58,166","5,62,30,121.85","7,967","17,445",29.99
PRUDENT,EQ,06-12-2022,966.10,966.10,999.00,950.55,998.85,994.55,982.24,"67,265","6,60,70,075.00","8,821","16,031",23.83
PRUDENT,EQ,07-12-2022,994.55,994.00,"1,024.90",986.3,"1,006.00","1,005.90","1,005.49","1,10,310","11,09,16,098.05","10,019","65,106",59.02
PRUDENT,EQ,08-12-2022,"1,005.90","1,008.80","1,018.60",996.5,"1,010.00","1,009.95","1,010.84","37,152","3,75,54,561.35","5,348","14,821",39.89
PRUDENT,EQ,09-12-2022,"1,009.95","1,012.80","1,019.00",875.05,887.00,888.60,956.19,"1,95,815","18,72,36,383.65","19,458","94,264",48.14
PRUDENT,EQ,12-12-2022,888.60,885.50,919.25,851.55,913.40,908.90,885.96,"1,10,897","9,82,50,735.35","14,522","26,031",23.47
PRUDENT,EQ,13-12-2022,908.90,910.10,994.35,910.05,968.10,974.60,942.63,"58,669","5,53,03,424.25","8,122","17,252",29.41
PRUDENT,EQ,14-12-2022,974.60,982.30,"1,000.00",933.2,943.30,946.05,972.96,"1,00,416","9,77,01,160.80","11,312","38,528",38.37
PRUDENT,EQ,15-12-2022,946.05,946.00,"1,035.80",944.2,970.00,972.60,990.27,"1,12,145","11,10,54,232.15","11,525","35,804",31.93
PRUDENT,EQ,16-12-2022,972.60,979.00,"1,017.95",969.05,985.00,981.50,989.11,"95,471","9,44,31,317.80","9,223","16,717",17.51
PRUDENT,EQ,19-12-2022,981.50,"1,012.95","1,029.85",985.05,999.00,998.20,"1,006.56","68,746","6,91,97,233.95","8,841","21,321",31.01
PRUDENT,EQ,20-12-2022,998.20,"1,012.75","1,012.75",987.45,990.00,994.50,997.73,"22,624","2,25,72,555.00","4,508","8,495",37.55
PRUDENT,EQ,21-12-2022,994.50,995.10,"1,006.05",910.05,915.30,922.65,953.82,"79,242","7,55,82,494.50","10,440","27,442",34.63
PRUDENT,EQ,22-12-2022,922.65,926.00,944.90,880.05,901.85,908.75,907.07,"64,008","5,80,59,992.30","11,466","24,817",38.77
PRUDENT,EQ,23-12-2022,908.75,905.00,905.00,870.0,873.00,878.70,891.28,"39,270","3,50,00,543.40","6,731","15,727",40.05
PRUDENT,EQ,26-12-2022,878.70,860.00,925.00,860.0,908.50,911.85,910.85,"29,233","2,66,26,737.00","5,509","8,476",28.99
PRUDENT,EQ,27-12-2022,911.85,930.00,945.05,907.3,910.10,917.10,921.69,"40,917","3,77,12,795.05","9,893","14,678",35.87
PRUDENT,EQ,28-12-2022,917.10,925.00,952.15,915.45,948.30,947.80,936.42,"26,053","2,43,96,655.70","4,203","9,139",35.08
PRUDENT,EQ,29-12-2022,947.80,942.00,950.95,935.1,940.00,940.55,940.27,"14,930","1,40,38,243.10","2,526","8,217",55.04
PRUDENT,EQ,30-12-2022,940.55,940.00,998.00,940.0,993.00,991.45,975.92,"41,414","4,04,16,761.20","4,910","17,173",41.47
PRUDENT,EQ,02-01-2023,991.45,998.80,"1,087.95",979.05,"1,084.80","1,070.35","1,043.67","1,52,836","15,95,09,727.15","16,335","46,261",30.27
PRUDENT,EQ,03-01-2023,"1,070.35","1,092.00","1,108.00","1,043.00","1,050.00","1,049.40","1,074.32","1,09,412","11,75,43,857.85","12,352","29,481",26.94
PRUDENT,EQ,04-01-2023,"1,049.40","1,050.00","1,073.90","1,015.45","1,022.00","1,023.70","1,042.28","46,810","4,87,89,346.50","6,640","14,589",31.17
PRUDENT,EQ,05-01-2023,"1,023.70","1,025.00","1,037.15","1,011.40","1,031.00","1,030.05","1,023.83","18,481","1,89,21,406.20","2,932","5,349",28.94
PRUDENT,EQ,06-01-2023,"1,030.05","1,031.00","1,039.10","1,007.50","1,014.00","1,013.75","1,018.82","24,581","2,50,43,517.25","3,226","10,551",42.92
PRUDENT,EQ,09-01-2023,"1,013.75","1,022.25","1,044.00","1,015.20","1,038.50","1,037.25","1,030.67","21,434","2,20,91,323.20","2,812","6,829",31.86
PRUDENT,EQ,10-01-2023,"1,037.25","1,047.25","1,054.00","1,035.55","1,050.50","1,048.55","1,048.35","42,664","4,47,26,929.50","4,858","18,062",42.34
PRUDENT,EQ,11-01-2023,"1,048.55","1,059.25","1,074.95","1,045.10","1,054.00","1,050.35","1,056.57","72,044","7,61,19,752.40","11,144","37,727",52.37
PRUDENT,EQ,12-01-2023,"1,050.35","1,057.25","1,065.00","1,046.05","1,054.00","1,059.50","1,054.69","23,772","2,50,72,177.85","3,081","8,182",34.42
PRUDENT,EQ,13-01-2023,"1,059.50","1,061.45","1,070.00","1,039.10","1,043.10","1,042.25","1,054.11","27,602","2,90,95,524.80","4,143","9,792",35.48
PRUDENT,EQ,16-01-2023,"1,042.25","1,052.20","1,057.15","1,042.25","1,043.60","1,044.20","1,050.34","21,405","2,24,82,587.20","3,078","10,523",49.16
PRUDENT,EQ,17-01-2023,"1,044.20","1,053.25","1,053.25","1,025.95","1,029.95","1,029.45","1,034.61","35,492","3,67,20,471.80","4,940","18,143",51.12
PRUDENT,EQ,18-01-2023,"1,029.45","1,035.80","1,035.80","1,017.80","1,023.00","1,022.40","1,028.27","31,853","3,27,53,603.75","5,474","22,625",71.03
PRUDENT,EQ,19-01-2023,"1,022.40","1,014.00","1,018.65",980.55,992.00,995.45,996.75,"30,185","3,00,86,857.50","7,132","14,607",48.39
PRUDENT,EQ,20-01-2023,995.45,"1,003.80","1,007.40",982.30,997.00,995.05,997.82,"23,753","2,37,01,312.05","4,852","10,156",42.76
PRUDENT,EQ,23-01-2023,995.05,993.00,"1,017.95",972.50,"1,001.00","1,010.40",999.01,"34,999","3,49,64,333.10","3,147","24,152",69.01
PRUDENT,EQ,24-01-2023,"1,010.40","1,049.80","1,049.80",983.05,988.00,991.55,"1,012.22","17,902","1,81,20,805.65","3,480","7,349",41.05
PRUDENT,EQ,25-01-2023,991.55,992.10,"1,037.35",989.80,"1,014.10","1,023.95","1,019.32","47,487","4,84,04,532.65","6,902","28,202",59.39
PRUDENT,EQ,27-01-2023,"1,023.95","1,023.95","1,023.95",984.00,"1,000.00",993.10,996.28,"53,139","5,29,41,248.10","12,541","27,478",51.71
PRUDENT,EQ,30-01-2023,993.10,988.00,"1,023.20",971.95,976.00,982.70,988.57,"45,560","4,50,39,382.45","4,407","30,384",66.69
PRUDENT,EQ,31-01-2023,982.70,999.90,"1,018.00",983.05,992.25,992.90,999.13,"37,911","3,78,78,008.30","3,279","26,863",70.86
PRUDENT,EQ,01-02-2023,992.90,"1,000.00","1,009.90",940.00,975.00,956.05,997.74,"2,40,981","24,04,35,455.80","7,958","2,08,902",86.69
PRUDENT,EQ,02-02-2023,956.05,940.00,949.00,900.00,908.00,909.45,934.86,"92,402","8,63,82,943.05","8,483","54,208",58.67
PRUDENT,EQ,03-02-2023,909.45,902.00,935.00,900.00,909.95,908.80,922.64,"98,450","9,08,34,289.45","5,583","77,961",79.19
PRUDENT,EQ,06-02-2023,908.80,901.30,927.30,895.40,900.00,899.10,907.78,"1,56,131","14,17,33,346.75","8,324","1,26,958",81.32
PRUDENT,EQ,07-02-2023,899.10,908.70,908.70,886.55,900.00,899.70,898.08,"38,340","3,44,32,409.20","5,262","15,378",40.11
PRUDENT,EQ,08-02-2023,899.70,903.80,916.00,885.00,885.35,887.60,899.00,"23,923","2,15,06,738.00","2,692","13,041",54.51
PRUDENT,EQ,09-02-2023,887.60,889.90,900.00,871.75,893.00,891.70,889.07,"29,072","2,58,46,926.45","6,079","6,406",22.03
PRUDENT,EQ,10-02-2023,891.70,891.70,917.00,891.35,909.00,912.20,898.38,"1,96,102","17,61,73,723.40","3,509","1,78,295",90.92
PRUDENT,EQ,13-02-2023,912.20,909.00,969.00,909.00,933.00,937.50,940.50,"34,473","3,24,21,840.90","5,295","11,678",33.88
PRUDENT,EQ,14-02-2023,937.50,939.40,942.70,892.55,900.00,904.90,909.07,"25,222","2,29,28,438.80","4,745","7,464",29.59
PRUDENT,EQ,15-02-2023,904.90,909.80,919.95,898.10,898.10,904.65,909.70,"17,159","1,56,09,582.55","4,341","5,711",33.28
PRUDENT,EQ,16-02-2023,904.65,902.00,911.00,891.00,900.00,894.10,901.27,"93,475","8,42,46,623.30","3,590","82,147",87.88
PRUDENT,EQ,17-02-2023,894.10,899.85,909.40,877.00,890.00,883.65,895.01,"14,525","1,30,00,053.30","2,899","6,582",45.31
PRUDENT,EQ,20-02-2023,883.65,890.70,900.00,862.05,882.00,881.85,884.16,"13,760","1,21,66,092.30","3,060","5,745",41.75
PRUDENT,EQ,21-02-2023,881.85,888.50,888.50,865.00,870.20,869.70,875.78,"10,728","93,95,386.50","3,418","4,029",37.56
PRUDENT,EQ,22-02-2023,869.70,857.00,874.80,828.95,833.80,834.85,849.93,"17,649","1,50,00,478.20","3,346","7,936",44.97
PRUDENT,EQ,23-02-2023,834.85,834.85,852.80,828.90,834.10,835.55,837.92,"51,730","4,33,45,455.45","6,777","35,564",68.75
PRUDENT,EQ,24-02-2023,835.55,839.00,859.50,834.95,848.00,843.95,848.18,"29,509","2,50,28,929.30","5,144","17,718",60.04
PRUDENT,EQ,27-02-2023,843.95,825.00,852.95,821.00,823.00,830.45,835.96,"15,194","1,27,01,564.15","3,076","7,673",50.5
PRUDENT,EQ,28-02-2023,830.45,830.10,849.85,818.05,833.00,842.00,829.91,"37,439","3,10,70,976.55","4,268","18,554",49.56
PRUDENT,EQ,01-03-2023,842.00,830.00,854.30,825.00,842.00,849.35,842.27,"45,088","3,79,76,423.10","6,823","31,026",68.81
PRUDENT,EQ,02-03-2023,849.35,854.00,854.35,834.15,838.90,842.95,845.31,"34,410","2,90,87,135.80","12,041","19,571",56.88
PRUDENT,EQ,03-03-2023,842.95,840.15,867.45,837.65,846.00,845.10,849.95,"17,730","1,50,69,681.70","3,314","8,656",48.82
PRUDENT,EQ,06-03-2023,845.10,859.00,861.75,818.20,824.80,823.20,838.18,"17,062","1,43,01,055.40","3,236","9,566",56.07
PRUDENT,EQ,08-03-2023,823.20,820.00,829.00,800.05,809.00,805.65,816.99,"1,48,065","12,09,67,417.45","11,152","1,20,418",81.33
PRUDENT,EQ,09-03-2023,805.65,800.00,821.00,791.00,793.30,796.65,807.84,"23,391","1,88,96,214.15","3,986","9,020",38.56
PRUDENT,EQ,10-03-2023,796.65,780.25,809.45,776.25,785.00,780.00,788.47,"16,823","1,32,64,403.90","4,005","6,238",37.08
PRUDENT,EQ,13-03-2023,780.00,785.00,785.00,756.05,763.00,762.90,767.27,"11,826","90,73,678.55","2,932","6,120",51.75
PRUDENT,EQ,14-03-2023,762.90,773.80,777.55,751.70,777.00,770.15,760.59,"31,887","2,42,52,926.35","6,655","20,651",64.76
PRUDENT,EQ,15-03-2023,770.15,770.15,805.00,769.20,771.05,772.45,790.36,"88,481","6,99,32,090.20","5,918","62,707",70.87
PRUDENT,EQ,16-03-2023,772.45,776.00,794.65,756.25,789.00,783.95,775.98,"13,146","1,02,00,989.75","3,168","5,396",41.05
PRUDENT,EQ,17-03-2023,783.95,791.75,807.50,785.05,799.80,791.90,795.60,"7,656","60,91,151.70","2,138","2,473",32.3
PRUDENT,EQ,20-03-2023,791.90,766.35,801.60,703.30,780.00,780.45,765.18,"86,224","6,59,76,474.75","14,176","48,741",56.53
PRUDENT,EQ,21-03-2023,780.45,780.00,835.00,768.00,833.00,830.25,821.29,"49,068","4,02,99,118.85","5,943","21,849",44.53
PRUDENT,EQ,22-03-2023,830.25,840.00,849.05,815.00,824.50,818.25,835.72,"21,801","1,82,19,635.15","4,621","6,668",30.59
PRUDENT,EQ,23-03-2023,818.25,814.55,861.00,810.95,846.00,847.30,846.29,"51,979","4,39,89,315.05","7,062","33,047",63.58
PRUDENT,EQ,24-03-2023,847.30,847.00,873.25,845.30,860.00,862.40,861.28,"64,092","5,52,00,981.00","6,267","39,970",62.36
PRUDENT,EQ,27-03-2023,862.40,860.00,882.40,860.00,878.00,880.45,876.70,"33,757","2,95,94,709.45","3,336","18,167",53.82
PRUDENT,EQ,28-03-2023,880.45,883.00,883.00,825.05,831.60,831.40,848.30,"16,251","1,37,85,721.05","3,317","6,457",39.73
PRUDENT,EQ,29-03-2023,831.40,832.05,839.60,809.00,819.85,816.95,822.09,"13,424","1,10,35,721.30","2,103","7,252",54.02
PRUDENT,EQ,31-03-2023,816.95,839.95,839.95,804.00,807.55,808.60,816.14,"18,974","1,54,85,507.65","4,620","9,962",52.5
PRUDENT,EQ,03-04-2023,808.60,811.10,822.00,800.05,815.00,806.35,809.90,"12,904","1,04,50,914.80","3,107","5,979",46.33
PRUDENT,EQ,05-04-2023,806.35,806.35,825.00,804.55,810.05,817.80,817.32,"20,447","1,67,11,796.00","2,371","12,231",59.82
PRUDENT,EQ,06-04-2023,817.80,819.00,827.00,800.55,802.00,804.05,813.91,"15,574","1,26,75,862.15","3,668","7,191",46.17
PRUDENT,EQ,10-04-2023,804.05,804.05,819.00,793.20,817.00,812.15,805.60,"20,164","1,62,44,195.10","4,742","8,952",44.4
PRUDENT,EQ,11-04-2023,812.15,816.95,830.00,807.00,813.70,811.65,817.72,"17,165","1,40,36,232.65","3,702","8,910",51.91
PRUDENT,EQ,12-04-2023,811.65,820.00,820.00,803.65,811.00,810.05,809.05,"16,909","1,36,80,250.35","5,347","7,874",46.57
PRUDENT,EQ,13-04-2023,810.05,818.00,826.00,804.05,823.00,819.80,812.14,"18,016","1,46,31,459.15","5,171","7,577",42.06
PRUDENT,EQ,17-04-2023,819.80,824.00,858.00,814.00,858.00,849.35,837.13,"27,626","2,31,26,597.85","6,126","13,208",47.81
PRUDENT,EQ,18-04-2023,849.35,862.00,901.00,841.00,901.00,883.15,866.19,"31,488","2,72,74,641.05","7,265","16,473",52.32
PRUDENT,EQ,19-04-2023,883.15,901.00,905.00,881.00,889.90,890.90,891.91,"32,090","2,86,21,468.30","7,279","17,630",54.94
PRUDENT,EQ,20-04-2023,890.90,904.00,904.00,883.00,888.00,890.40,890.91,"11,091","98,81,059.80","2,623","4,818",43.44
PRUDENT,EQ,21-04-2023,890.40,892.00,919.95,891.95,910.00,908.40,908.09,"17,457","1,58,52,511.35","3,535","7,572",43.38
PRUDENT,EQ,24-04-2023,908.40,920.40,932.00,905.25,914.95,918.55,922.12,"23,927","2,20,63,576.30","3,941","10,349",43.25
PRUDENT,EQ,25-04-2023,918.55,919.00,919.00,865.10,880.00,879.35,884.08,"27,655","2,44,49,261.25","4,965","14,695",53.14
PRUDENT,EQ,26-04-2023,879.35,880.00,893.90,862.00,888.95,883.65,880.53,"10,233","90,10,478.50","3,222","4,217",41.21
PRUDENT,EQ,27-04-2023,883.65,888.95,889.00,869.00,872.45,874.30,877.89,"5,756","50,53,160.90","1,719","3,242",56.32
PRUDENT,EQ,28-04-2023,874.30,876.35,883.50,862.50,878.00,867.35,873.17,"10,032","87,59,672.30","2,492","5,401",53.84
PRUDENT,EQ,02-05-2023,867.35,870.20,885.00,860.00,869.40,863.60,870.54,"15,715","1,36,80,499.15","3,425","8,247",52.48
PRUDENT,EQ,03-05-2023,863.60,867.95,873.15,855.00,864.95,859.70,864.38,"15,038","1,29,98,473.70","2,344","8,615",57.29
PRUDENT,EQ,04-05-2023,859.70,869.00,895.00,864.25,880.00,878.80,879.85,"16,996","1,49,53,911.75","3,382","9,846",57.93
PRUDENT,EQ,05-05-2023,878.80,878.85,894.40,878.85,890.00,889.85,888.29,"9,907","88,00,272.60","2,976","5,320",53.7
PRUDENT,EQ,08-05-2023,889.85,898.80,898.80,850.10,863.90,857.80,864.70,"21,992","1,90,16,474.05","5,081","10,207",46.41
PRUDENT,EQ,09-05-2023,857.80,865.00,892.00,856.00,868.00,862.05,871.96,"14,379","1,25,37,869.10","3,425","4,800",33.38
PRUDENT,EQ,10-05-2023,862.05,870.65,884.80,856.05,862.95,864.25,868.67,"9,026","78,40,580.05","2,967","2,237",24.78
PRUDENT,EQ,11-05-2023,864.25,865.00,879.90,857.40,865.00,867.55,869.76,"10,196","88,68,066.70","3,092","5,521",54.15
PRUDENT,EQ,12-05-2023,867.55,874.00,899.90,862.00,866.70,869.25,879.77,"25,817","2,27,12,911.45","6,972","10,639",41.21
PRUDENT,EQ,15-05-2023,869.25,879.80,883.90,865.05,878.25,875.75,877.06,"7,002","61,41,154.10","1,576","3,666",52.36
PRUDENT,EQ,16-05-2023,875.75,867.00,884.90,865.00,872.95,867.20,875.06,"8,633","75,54,381.80","1,318","4,615",53.46
PRUDENT,EQ,17-05-2023,867.20,875.85,881.90,865.00,871.60,869.00,869.79,"6,695","58,23,221.15","1,324","4,122",61.57
PRUDENT,EQ,18-05-2023,869.00,868.10,879.95,856.45,879.00,869.50,869.16,"8,785","76,35,578.05","2,310","4,424",50.36
PRUDENT,EQ,19-05-2023,869.50,874.95,878.40,854.00,860.00,856.25,861.14,"8,281","71,31,114.05","1,561","4,655",56.21
PRUDENT,EQ,22-05-2023,856.25,850.35,876.00,847.15,854.00,859.45,861.74,"10,809","93,14,550.65","2,484","6,200",57.36
PRUDENT,EQ,23-05-2023,859.45,859.45,907.95,857.05,890.05,892.20,879.60,"26,058","2,29,20,544.80","3,164","16,009",61.44
PRUDENT,EQ,24-05-2023,892.20,905.20,905.20,865.00,878.95,877.65,881.25,"21,189","1,86,72,768.65","2,011","13,753",64.91
PRUDENT,EQ,25-05-2023,877.65,939.95,"1,029.85",900.15,910.00,912.45,959.13,"3,37,811","32,40,03,351.65","17,863","1,22,768",36.34
PRUDENT,EQ,26-05-2023,912.45,919.95,924.95,901.15,901.35,904.40,909.53,"31,685","2,88,18,428.10","3,233","18,367",57.97
PRUDENT,EQ,29-05-2023,904.40,912.95,916.00,892.55,902.95,900.60,907.94,"16,882","1,53,27,805.85","1,954","8,358",49.51
PRUDENT,EQ,30-05-2023,900.60,909.15,914.35,898.00,908.40,909.35,905.00,"1,41,705","12,82,42,504.95","2,148","1,32,317",93.37
PRUDENT,EQ,31-05-2023,909.35,913.95,924.55,904.00,912.00,912.90,911.83,"17,340","1,58,11,108.75","2,259","7,811",45.05
PRUDENT,EQ,01-06-2023,912.90,919.75,958.60,916.55,944.50,946.65,944.15,"31,028","2,92,95,054.00","4,061","12,265",39.53
PRUDENT,EQ,02-06-2023,946.65,951.95,989.55,942.00,943.40,945.55,964.52,"40,270","3,88,41,156.65","4,412","11,358",28.2
PRUDENT,EQ,05-06-2023,945.55,950.00,952.65,918.70,920.05,921.35,929.64,"23,737","2,20,66,943.20","3,259","15,108",63.65
PRUDENT,EQ,06-06-2023,921.35,936.80,936.80,920.00,925.00,923.05,924.67,"11,602","1,07,28,006.50","1,859","6,727",57.98
PRUDENT,EQ,07-06-2023,923.05,925.00,950.00,911.75,923.00,921.35,922.41,"12,227","1,12,78,302.40","2,008","6,085",49.77
PRUDENT,EQ,08-06-2023,921.35,922.00,930.00,905.60,908.00,909.60,915.97,"9,003","82,46,436.60","1,637","4,795",53.26
PRUDENT,EQ,09-06-2023,909.60,909.60,916.40,885.35,894.00,892.35,899.86,"15,445","1,38,98,335.35","2,254","9,455",61.22
PRUDENT,EQ,12-06-2023,892.35,899.90,926.00,890.00,926.00,920.15,911.89,"14,324","1,30,61,923.30","2,944","6,078",42.43
PRUDENT,EQ,13-06-2023,920.15,933.95,940.95,911.70,915.50,915.10,925.71,"12,315","1,14,00,154.00","2,060","4,868",39.53
PRUDENT,EQ,14-06-2023,915.10,924.25,924.25,900.70,920.00,909.85,909.52,"17,597","1,60,04,857.75","2,669","5,418",30.79
PRUDENT,EQ,15-06-2023,909.85,916.90,919.80,903.00,907.50,909.30,911.01,"9,703","88,39,525.00","2,114","5,560",57.3
PRUDENT,EQ,16-06-2023,909.30,917.95,945.45,911.00,941.10,938.20,935.59,"38,928","3,64,20,766.40","3,358","25,093",64.46
PRUDENT,EQ,19-06-2023,938.20,941.05,958.00,915.00,921.00,919.20,940.29,"46,745","4,39,53,803.70","8,086","19,365",41.43
PRUDENT,EQ,20-06-2023,919.20,924.00,930.00,912.75,922.00,918.20,923.13,"10,651","98,32,215.70","2,079","4,652",43.68
PRUDENT,EQ,21-06-2023,918.20,924.00,945.00,922.15,926.55,925.10,935.89,"10,746","1,00,57,076.05","1,965","4,885",45.46
PRUDENT,EQ,22-06-2023,925.10,935.00,945.00,914.05,919.85,917.00,930.14,"13,406","1,24,69,434.75","2,517","5,232",39.03
PRUDENT,EQ,23-06-2023,917.00,921.95,921.95,895.65,914.20,915.35,911.91,"13,497","1,23,08,091.85","2,398","7,326",54.28
PRUDENT,EQ,26-06-2023,915.35,920.95,932.05,908.00,921.30,913.85,919.79,"10,408","95,73,174.85","2,062","3,805",36.56
PRUDENT,EQ,27-06-2023,913.85,929.90,929.90,919.05,924.00,921.60,923.54,"8,349","77,10,640.65","1,677","4,111",49.24
PRUDENT,EQ,28-06-2023,921.60,937.00,948.00,915.25,932.00,922.80,932.52,"18,583","1,73,29,002.75","2,369","6,569",35.35
PRUDENT,EQ,30-06-2023,922.80,929.65,999.00,926.30,980.00,982.55,973.65,"1,11,506","10,85,67,359.70","10,141","40,804",36.59
PRUDENT,EQ,03-07-2023,982.55,991.80,997.80,970.35,984.00,977.30,984.61,"39,753","3,91,41,152.80","4,406","20,456",51.46
PRUDENT,EQ,04-07-2023,977.30,977.35,"1,009.40",977.35,995.30,997.00,996.25,"40,577","4,04,24,948.65","4,537","18,609",45.86
PRUDENT,EQ,05-07-2023,997.00,997.00,"1,029.35",988.05,"1,011.00","1,010.30","1,016.60","58,777","5,97,52,874.35","7,718","35,005",59.56
PRUDENT,EQ,06-07-2023,"1,010.30","1,010.30","1,021.65","1,001.25","1,015.60","1,014.50","1,013.09","21,107","2,13,83,194.90","3,667","11,627",55.09
PRUDENT,EQ,07-07-2023,"1,014.50","1,014.50","1,019.80",996.80,999.00,"1,002.50","1,009.53","21,331","2,15,34,249.10","4,106","10,769",50.49
PRUDENT,EQ,10-07-2023,"1,002.50","1,014.90","1,021.65",972.50,977.25,983.40,"1,003.55","20,683","2,07,56,365.35","2,316","10,440",50.48
PRUDENT,EQ,11-07-2023,983.40,979.95,"1,014.00",974.05,"1,002.55","1,003.10",998.82,"18,172","1,81,50,634.85","3,355","8,884",48.89
PRUDENT,EQ,12-07-2023,"1,003.10","1,003.10","1,021.65","1,003.05","1,014.50","1,017.60","1,015.77","25,652","2,60,56,658.80","2,390","18,589",72.47
PRUDENT,EQ,13-07-2023,"1,017.60","1,023.95","1,026.90","1,013.80","1,020.00","1,020.60","1,019.98","22,606","2,30,57,763.45","2,884","16,298",72.1
PRUDENT,EQ,14-07-2023,"1,020.60","1,021.60","1,069.00","1,011.05","1,022.95","1,019.65","1,042.64","50,327","5,24,72,763.20","5,951","17,692",35.15
PRUDENT,EQ,17-07-2023,"1,019.65","1,032.20","1,049.80","1,010.75","1,019.80","1,017.25","1,027.94","21,241","2,18,34,509.00","3,484","8,326",39.2
PRUDENT,EQ,18-07-2023,"1,017.25","1,024.95","1,048.60","1,013.05","1,045.00","1,042.00","1,039.36","39,356","4,09,05,203.10","5,912","18,399",46.75
PRUDENT,EQ,19-07-2023,"1,042.00","1,052.40","1,064.90","1,047.45","1,052.15","1,058.20","1,058.50","41,825","4,42,71,695.90","7,741","26,614",63.63
PRUDENT,EQ,20-07-2023,"1,058.20","1,062.00","1,088.55","1,056.10","1,082.00","1,085.05","1,071.50","31,342","3,35,82,845.35","5,116","18,349",58.54
PRUDENT,EQ,21-07-2023,"1,085.05","1,084.45","1,237.00","1,063.55","1,160.00","1,134.70","1,176.96","2,96,332","34,87,70,017.15","28,263","51,404",17.35
PRUDENT,EQ,24-07-2023,"1,134.70","1,158.00","1,191.30","1,134.75","1,174.60","1,181.25","1,169.49","49,418","5,77,93,937.50","7,673","19,035",38.52
PRUDENT,EQ,25-07-2023,"1,181.25","1,194.00","1,208.85","1,063.80","1,086.00","1,120.45","1,135.89","1,11,085","12,61,80,478.55","12,167","31,601",28.45
PRUDENT,EQ,26-07-2023,"1,120.45","1,100.00","1,119.95","1,067.85","1,110.00","1,111.75","1,101.89","64,439","7,10,04,383.30","10,786","22,823",35.42
PRUDENT,EQ,27-07-2023,"1,111.75","1,110.00","1,180.00","1,091.85","1,165.00","1,171.90","1,138.93","59,260","6,74,92,934.90","8,330","30,060",50.73
PRUDENT,EQ,28-07-2023,"1,171.90","1,173.00","1,175.95","1,116.15","1,127.90","1,126.40","1,142.73","64,483","7,36,86,803.40","11,364","17,217",26.7
PRUDENT,EQ,31-07-2023,"1,126.40","1,132.90","1,172.90","1,124.45","1,150.00","1,150.00","1,154.20","71,842","8,29,20,021.60","6,197","50,519",70.32
PRUDENT,EQ,01-08-2023,"1,150.00","1,151.00","1,159.90","1,108.00","1,117.00","1,134.30","1,137.22","59,762","6,79,62,546.40","4,281","43,467",72.73
PRUDENT,EQ,02-08-2023,"1,134.30","1,125.00","1,141.00","1,097.45","1,133.50","1,129.25","1,116.74","39,429","4,40,31,940.60","8,752","12,378",31.39
PRUDENT,EQ,03-08-2023,"1,129.25","1,130.00","1,146.10","1,111.10","1,130.00","1,127.25","1,129.01","22,598","2,55,13,283.40","5,499","7,870",34.83
PRUDENT,EQ,04-08-2023,"1,127.25","1,141.15","1,159.00","1,122.00","1,158.95","1,150.05","1,143.20","23,853","2,72,68,838.85","4,159","8,799",36.89
PRUDENT,EQ,07-08-2023,"1,150.05","1,161.40","1,190.05","1,146.00","1,174.00","1,159.70","1,171.01","32,333","3,78,62,271.45","7,270","10,172",31.46
PRUDENT,EQ,08-08-2023,"1,159.70","1,164.00","1,218.70","1,155.80","1,214.50","1,208.85","1,191.94","37,831","4,50,92,253.45","6,330","14,742",38.97
PRUDENT,EQ,09-08-2023,"1,208.85","1,215.20","1,249.00","1,193.30","1,247.90","1,239.60","1,227.97","47,801","5,86,98,264.15","8,398","18,318",38.32
PRUDENT,EQ,10-08-2023,"1,239.60","1,240.00","1,262.15","1,217.50","1,251.75","1,246.95","1,243.96","18,112","2,25,30,513.30","3,446","8,532",47.11
PRUDENT,EQ,11-08-2023,"1,246.95","1,258.00","1,262.95","1,215.00","1,216.70","1,224.30","1,238.77","31,432","3,89,37,012.50","6,065","12,993",41.34
PRUDENT,EQ,14-08-2023,"1,224.30","1,230.00","1,237.40","1,190.00","1,195.70","1,192.65","1,203.02","12,727","1,53,10,823.90","3,079","6,762",53.13
PRUDENT,EQ,16-08-2023,"1,192.65","1,192.65","1,243.80","1,180.05","1,205.50","1,205.60","1,210.48","16,694","2,02,07,738.65","3,856","6,957",41.67
PRUDENT,EQ,17-08-2023,"1,205.60","1,219.95","1,224.75","1,128.00","1,142.80","1,137.20","1,164.08","34,482","4,01,39,648.35","6,141","17,314",50.21
PRUDENT,EQ,18-08-2023,"1,137.20","1,137.25","1,183.90","1,137.25","1,160.00","1,160.10","1,163.10","21,304","2,47,78,617.75","4,853","8,252",38.73
PRUDENT,EQ,21-08-2023,"1,160.10","1,160.00","1,173.20","1,132.00","1,132.50","1,138.75","1,145.97","16,040","1,83,81,342.20","3,114","7,267",45.31
PRUDENT,EQ,22-08-2023,"1,138.75","1,141.10","1,186.00","1,141.10","1,180.00","1,178.15","1,168.99","15,595","1,82,30,418.80","4,061","6,625",42.48
PRUDENT,EQ,23-08-2023,"1,178.15","1,183.75","1,205.00","1,162.35","1,203.15","1,192.00","1,185.22","15,200","1,80,15,377.85","3,488","7,522",49.49
PRUDENT,EQ,24-08-2023,"1,192.00","1,200.00","1,219.00","1,186.00","1,199.50","1,194.15","1,198.81","9,551","1,14,49,800.65","2,220","5,075",53.14
PRUDENT,EQ,25-08-2023,"1,194.15","1,203.00","1,203.95","1,155.05","1,160.00","1,162.55","1,175.89","9,520","1,11,94,446.75","2,702","4,141",43.5
PRUDENT,EQ,28-08-2023,"1,162.55","1,173.95","1,205.75","1,146.10","1,194.60","1,198.40","1,176.56","14,790","1,74,01,378.70","5,675","7,697",52.04
PRUDENT,EQ,29-08-2023,"1,198.40","1,206.60","1,214.00","1,162.05","1,177.00","1,173.85","1,183.46","17,190","2,03,43,646.75","3,697","6,490",37.75
PRUDENT,EQ,30-08-2023,"1,173.85","1,182.95","1,199.00","1,176.40","1,197.00","1,196.25","1,189.59","11,422","1,35,87,541.55","3,644","5,720",50.08
PRUDENT,EQ,31-08-2023,"1,196.25","1,190.10","1,192.45","1,058.80","1,078.00","1,077.00","1,092.76","10,04,423","1,09,75,89,617.60","29,362","5,20,850",51.86
PRUDENT,EQ,01-09-2023,"1,077.00","1,096.60","1,132.50","1,085.00","1,124.00","1,121.35","1,110.85","2,93,528","32,60,64,936.45","15,689","1,84,884",62.99
PRUDENT,EQ,04-09-2023,"1,121.35","1,129.00","1,138.80","1,097.10","1,125.00","1,118.75","1,118.13","55,786","6,23,76,095.05","6,759","26,885",48.19
PRUDENT,EQ,05-09-2023,"1,118.75","1,119.00","1,134.95","1,091.50","1,106.50","1,099.25","1,111.14","46,668","5,18,54,694.15","5,670","23,628",50.63
PRUDENT,EQ,06-09-2023,"1,099.25","1,101.05","1,123.70","1,090.00","1,123.50","1,106.20","1,109.49","29,536","3,27,69,853.00","3,485","15,474",52.39
PRUDENT,EQ,07-09-2023,"1,106.20","1,110.05","1,134.00","1,104.00","1,119.20","1,128.55","1,124.04","40,577","4,56,10,184.35","4,184","29,629",73.02
PRUDENT,EQ,08-09-2023,"1,128.55","1,135.00","1,140.15","1,116.60","1,138.00","1,135.25","1,129.37","39,240","4,43,16,562.60","3,884","25,804",65.76
PRUDENT,EQ,11-09-2023,"1,135.25","1,135.95","1,150.00","1,126.20","1,139.90","1,133.55","1,139.90","17,409","1,98,44,573.05","3,008","8,560",49.17
PRUDENT,EQ,12-09-2023,"1,133.55","1,128.00","1,141.30","1,092.55","1,115.00","1,100.25","1,110.09","74,536","8,27,41,819.50","7,074","54,298",72.85
PRUDENT,EQ,13-09-2023,"1,100.25","1,111.00","1,133.15","1,087.65","1,125.00","1,129.70","1,123.28","18,774","2,10,88,506.45","3,553","10,910",58.11
PRUDENT,EQ,14-09-2023,"1,129.70","1,133.00","1,147.00","1,127.95","1,147.00","1,144.05","1,138.20","10,591","1,20,54,720.05","2,475","6,569",62.02
PRUDENT,EQ,15-09-2023,"1,144.05","1,159.00","1,171.40","1,140.05","1,160.00","1,157.40","1,159.56","37,099","4,30,18,659.80","7,268","19,674",53.03
PRUDENT,EQ,18-09-2023,"1,157.40","1,151.10","1,179.95","1,147.80","1,169.00","1,168.65","1,166.65","55,209","6,44,09,307.30","5,940","39,503",71.55
PRUDENT,EQ,20-09-2023,"1,168.65","1,168.65","1,189.95","1,150.75","1,175.00","1,165.55","1,172.88","52,876","6,20,17,340.90","7,581","30,726",58.11
PRUDENT,EQ,21-09-2023,"1,165.55","1,160.20","1,178.85","1,142.00","1,145.20","1,161.15","1,164.15","37,311","4,34,35,565.05","3,994","28,103",75.32
PRUDENT,EQ,22-09-2023,"1,161.15","1,151.00","1,171.45","1,146.65","1,159.00","1,156.40","1,161.83","9,929","1,15,35,783.85","2,585","4,254",42.84
PRUDENT,EQ,25-09-2023,"1,156.40","1,153.00","1,169.75","1,153.00","1,167.10","1,161.55","1,162.74","7,697","89,49,643.65","2,596","3,762",48.88
PRUDENT,EQ,26-09-2023,"1,161.55","1,176.95","1,177.95","1,120.35","1,137.00","1,129.20","1,139.73","15,400","1,75,51,803.60","3,188","7,670",49.81
PRUDENT,EQ,27-09-2023,"1,129.20","1,140.00","1,143.00","1,107.25","1,122.00","1,124.30","1,117.99","21,771","2,43,39,768.75","4,352","12,761",58.61
PRUDENT,EQ,28-09-2023,"1,124.30","1,128.95","1,131.90","1,108.45","1,115.00","1,113.00","1,119.05","9,445","1,05,69,391.55","2,472","4,728",50.06
PRUDENT,EQ,29-09-2023,"1,113.00","1,113.05","1,120.10","1,094.15","1,117.00","1,115.25","1,107.66","11,906","1,31,87,774.05","3,013","5,264",44.21
PRUDENT,EQ,03-10-2023,"1,115.25","1,128.00","1,134.00","1,075.60","1,105.10","1,094.35","1,098.66","35,009","3,84,62,870.75","2,460","26,154",74.71
PRUDENT,EQ,04-10-2023,"1,094.35","1,098.05","1,134.00","1,092.05","1,114.50","1,125.00","1,119.86","68,681","7,69,12,767.05","13,426","37,878",55.15
PRUDENT,EQ,05-10-2023,"1,125.00","1,125.00","1,230.00","1,117.40","1,207.00","1,202.80","1,179.98","1,15,567","13,63,66,379.30","15,138","69,213",59.89
PRUDENT,EQ,06-10-2023,"1,202.80","1,202.80","1,279.90","1,189.70","1,277.00","1,269.60","1,230.67","88,575","10,90,06,935.75","12,277","43,954",49.62
PRUDENT,EQ,09-10-2023,"1,269.60","1,269.60","1,316.95","1,252.80","1,305.00","1,288.30","1,293.74","83,953","10,86,13,475.30","17,721","41,839",49.84
PRUDENT,EQ,10-10-2023,"1,288.30","1,290.00","1,313.90","1,287.45","1,301.60","1,297.65","1,302.77","48,142","6,27,17,995.60","5,720","31,855",66.17
PRUDENT,EQ,11-10-2023,"1,297.65","1,304.25","1,304.25","1,260.15","1,275.50","1,268.65","1,272.28","25,868","3,29,11,216.25","6,099","11,852",45.82
PRUDENT,EQ,12-10-2023,"1,268.65","1,275.50","1,336.90","1,265.00","1,270.00","1,271.90","1,304.31","88,905","11,59,59,932.90","17,590","44,878",50.48
PRUDENT,EQ,13-10-2023,"1,271.90","1,274.00","1,337.80","1,265.70","1,335.90","1,321.80","1,311.66","89,631","11,75,64,986.40","13,883","52,473",58.54
PRUDENT,EQ,16-10-2023,"1,321.80","1,339.95","1,339.95","1,291.10","1,303.00","1,299.40","1,316.92","21,611","2,84,59,866.60","4,756","8,157",37.74
PRUDENT,EQ,17-10-2023,"1,299.40","1,312.40","1,348.50","1,298.05","1,347.00","1,332.70","1,319.47","32,072","4,23,18,077.80","5,105","14,202",44.28
PRUDENT,EQ,18-10-2023,"1,332.70","1,332.70","1,378.15","1,315.95","1,359.50","1,349.45","1,360.96","1,87,976","25,58,28,615.20","8,371","1,63,925",87.21
PRUDENT,EQ,19-10-2023,"1,349.45","1,365.85","1,374.30","1,322.00","1,334.45","1,327.75","1,350.90","31,977","4,31,97,842.60","6,664","11,759",36.77
PRUDENT,EQ,20-10-2023,"1,327.75","1,334.75","1,372.00","1,327.55","1,352.65","1,357.55","1,355.07","19,650","2,66,27,190.50","3,741","9,030",45.95
PRUDENT,EQ,23-10-2023,"1,357.55","1,360.00","1,366.00","1,282.45","1,323.00","1,289.95","1,306.36","71,575","9,35,02,991.45","8,115","46,844",65.45
PRUDENT,EQ,25-10-2023,"1,289.95","1,290.20","1,319.00","1,265.10","1,293.55","1,278.00","1,287.66","18,370","2,36,54,245.90","6,498","8,582",46.72
PRUDENT,EQ,26-10-2023,"1,278.00","1,266.35","1,285.00","1,220.00","1,274.50","1,274.45","1,254.44","30,501","3,82,61,661.15","5,484","13,640",44.72
PRUDENT,EQ,27-10-2023,"1,274.45","1,269.05","1,334.95","1,203.75","1,275.00","1,280.95","1,282.94","94,490","12,12,25,262.45","16,847","46,196",48.89
PRUDENT,EQ,30-10-2023,"1,280.95","1,295.00","1,295.00","1,212.10","1,219.00","1,217.05","1,231.97","58,456","7,20,16,057.55","12,936","35,022",59.91
PRUDENT,EQ,31-10-2023,"1,217.05","1,235.30","1,235.30","1,192.35","1,192.50","1,199.25","1,215.42","40,187","4,88,44,075.10","6,760","28,809",71.69
PRUDENT,EQ,01-11-2023,"1,199.25","1,205.80","1,205.80","1,126.05","1,130.00","1,133.50","1,154.65","48,223","5,56,80,491.45","11,822","25,648",53.19
PRUDENT,EQ,02-11-2023,"1,133.50","1,158.80","1,158.80","1,119.15","1,128.00","1,124.80","1,136.81","31,537","3,58,51,444.80","7,132","14,303",45.35
PRUDENT,EQ,03-11-2023,"1,124.80","1,125.10","1,147.80","1,114.05","1,126.00","1,129.60","1,130.24","52,890","5,97,78,504.00","3,383","41,110",77.73
PRUDENT,EQ,06-11-2023,"1,129.60","1,132.00","1,141.95","1,107.00","1,111.10","1,110.25","1,118.21","40,371","4,51,43,330.05","4,687","25,266",62.58
PRUDENT,EQ,07-11-2023,"1,110.25","1,110.25","1,138.25","1,093.55","1,123.00","1,121.70","1,117.27","1,58,082","17,66,20,337.25","11,097","1,32,123",83.58
PRUDENT,EQ,08-11-2023,"1,121.70","1,121.80","1,222.45","1,121.80","1,193.15","1,193.55","1,194.39","1,11,777","13,35,05,103.50","19,005","35,355",31.63
PRUDENT,EQ,09-11-2023,"1,193.55","1,193.55","1,211.95","1,179.65","1,186.95","1,184.85","1,195.63","21,331","2,55,03,983.05","4,743","7,644",35.84
PRUDENT,EQ,10-11-2023,"1,184.85","1,176.00","1,234.00","1,166.25","1,206.00","1,207.10","1,216.59","47,442","5,77,17,345.70","8,642","21,955",46.28
PRUDENT,EQ,12-11-2023,"1,207.10","1,227.95","1,242.60","1,214.25","1,230.00","1,229.55","1,229.34","9,803","1,20,51,180.05","1,165","5,908",60.27
PRUDENT,EQ,13-11-2023,"1,229.55","1,226.90","1,240.75","1,210.45","1,213.30","1,217.85","1,223.29","14,558","1,78,08,618.90","3,360","6,840",46.98
PRUDENT,EQ,15-11-2023,"1,217.85","1,243.65","1,335.00","1,241.70","1,310.00","1,309.25","1,301.42","1,28,626","16,73,96,424.40","22,842","48,251",37.51
PRUDENT,EQ,16-11-2023,"1,309.25","1,319.50","1,320.00","1,271.05","1,276.60","1,282.80","1,299.85","28,659","3,72,52,338.45","6,164","14,644",51.1
PRUDENT,EQ,17-11-2023,"1,282.80","1,288.80","1,335.50","1,280.00","1,298.65","1,295.15","1,316.15","36,377","4,78,77,454.70","8,463","12,516",34.41
PRUDENT,EQ,20-11-2023,"1,295.15","1,303.80","1,335.50","1,287.60","1,295.00","1,294.15","1,311.14","41,535","5,44,58,062.30","9,614","23,339",56.19
PRUDENT,EQ,21-11-2023,"1,294.15","1,290.10","1,316.00","1,255.00","1,271.95","1,271.80","1,283.92","37,128","4,76,69,513.35","7,878","20,675",55.69
PRUDENT,EQ,22-11-2023,"1,271.80","1,280.00","1,290.00","1,250.00","1,264.05","1,260.05","1,271.74","28,977","3,68,51,297.95","6,730","11,996",41.4
PRUDENT,EQ,23-11-2023,"1,260.05","1,263.60","1,374.55","1,251.85","1,350.00","1,357.70","1,334.32","1,85,289","24,72,34,428.95","23,968","38,605",20.84
PRUDENT,EQ,24-11-2023,"1,357.70","1,353.05","1,355.00","1,315.00","1,323.00","1,320.35","1,325.52","56,752","7,52,25,948.15","13,035","19,288",33.99
PRUDENT,EQ,28-11-2023,"1,320.35","1,331.90","1,359.00","1,310.95","1,346.00","1,337.40","1,336.44","48,787","6,52,01,112.15","14,027","20,865",42.77
PRUDENT,EQ,29-11-2023,"1,337.40","1,344.00","1,363.25","1,290.00","1,307.50","1,304.15","1,311.15","29,979","3,93,06,880.00","7,574","16,152",53.88
PRUDENT,EQ,30-11-2023,"1,304.15","1,305.00","1,317.70","1,251.05","1,256.15","1,267.05","1,271.46","1,64,300","20,89,01,299.90","12,950","1,21,585",74.0
PRUDENT,EQ,01-12-2023,"1,267.05","1,269.95","1,274.00","1,245.10","1,251.50","1,250.55","1,257.13","33,348","4,19,22,662.90","5,536","17,974",53.9
PRUDENT,EQ,04-12-2023,"1,250.55","1,269.25","1,277.95","1,241.50","1,264.90","1,263.20","1,262.92","22,389","2,82,75,408.00","5,212","9,850",43.99
PRUDENT,EQ,05-12-2023,"1,263.20","1,275.85","1,296.45","1,261.25","1,285.45","1,286.55","1,279.44","23,434","2,99,82,380.30","4,361","11,102",47.38
PRUDENT,EQ,06-12-2023,"1,286.55","1,289.45","1,292.95","1,241.00","1,252.00","1,246.50","1,260.68","29,653","3,73,82,843.30","5,405","16,936",57.11
PRUDENT,EQ,07-12-2023,"1,246.50","1,251.60","1,253.95","1,226.55","1,236.90","1,233.10","1,242.14","19,589","2,43,32,270.75","4,598","10,075",51.43
PRUDENT,EQ,08-12-2023,"1,233.10","1,242.00","1,272.95","1,231.15","1,256.00","1,256.95","1,254.50","18,051","2,26,44,965.65","3,382","7,525",41.69
PRUDENT,EQ,11-12-2023,"1,256.95","1,256.00","1,260.55","1,226.00","1,227.50","1,229.05","1,237.83","20,939","2,59,18,923.70","4,636","11,811",56.41
PRUDENT,EQ,12-12-2023,"1,229.05","1,244.00","1,244.00","1,190.55","1,196.55","1,195.90","1,214.08","25,087","3,04,57,526.70","4,468","14,342",57.17
PRUDENT,EQ,13-12-2023,"1,195.90","1,213.85","1,234.50","1,195.00","1,227.00","1,221.35","1,210.40","34,023","4,11,81,584.20","5,778","16,116",47.37
PRUDENT,EQ,14-12-2023,"1,221.35","1,239.00","1,253.00","1,204.80","1,220.10","1,216.35","1,226.59","19,705","2,41,69,949.20","3,646","7,815",39.66
PRUDENT,EQ,15-12-2023,"1,216.35","1,225.70","1,240.95","1,214.10","1,219.95","1,224.25","1,225.53","9,671","1,18,52,144.40","2,638","4,013",41.5
PRUDENT,EQ,18-12-2023,"1,224.25","1,224.25","1,224.30","1,175.00","1,200.00","1,198.35","1,197.67","38,832","4,65,07,831.40","6,842","20,607",53.07
PRUDENT,EQ,19-12-2023,"1,198.35","1,210.00","1,210.00","1,175.05","1,205.00","1,201.65","1,196.99","22,005","2,63,39,726.40","4,766","10,226",46.47
PRUDENT,EQ,20-12-2023,"1,201.65","1,205.00","1,225.00","1,150.05","1,182.00","1,169.45","1,196.52","30,592","3,66,03,968.25","9,046","15,169",49.58
PRUDENT,EQ,21-12-2023,"1,169.45","1,192.50","1,219.50","1,167.80","1,215.00","1,212.95","1,199.26","25,341","3,03,90,404.60","4,668","12,195",48.12
PRUDENT,EQ,22-12-2023,"1,212.95","1,230.00","1,256.00","1,195.00","1,218.00","1,216.35","1,222.04","23,552","2,87,81,521.40","4,864","9,372",39.79
PRUDENT,EQ,26-12-2023,"1,216.35","1,230.00","1,239.95","1,200.00","1,207.00","1,209.75","1,219.36","16,429","2,00,32,940.00","3,455","6,937",42.22
PRUDENT,EQ,27-12-2023,"1,209.75","1,217.80","1,231.00","1,202.00","1,202.00","1,207.45","1,216.78","14,532","1,76,82,243.10","2,035","8,254",56.8
PRUDENT,EQ,28-12-2023,"1,207.45","1,214.35","1,238.20","1,200.10","1,235.00","1,229.90","1,220.65","29,165","3,56,00,318.25","4,616","17,137",58.76
PRUDENT,EQ,29-12-2023,"1,229.90","1,239.00","1,250.00","1,193.20","1,200.00","1,202.90","1,221.80","42,661","5,21,23,104.40","5,531","23,903",56.03
PRUDENT,EQ,01-01-2024,"1,202.90","1,195.10","1,207.70","1,180.00","1,200.00","1,201.70","1,193.77","26,897","3,21,08,823.10","5,134","12,741",47.37
PRUDENT,EQ,02-01-2024,"1,201.70","1,201.60","1,203.05","1,188.10","1,196.00","1,196.60","1,197.20","10,267","1,22,91,629.85","2,728","4,947",48.18
PRUDENT,EQ,03-01-2024,"1,196.60","1,206.35","1,207.15","1,184.95","1,194.20","1,192.85","1,193.63","25,445","3,03,71,956.50","5,184","9,830",38.63
PRUDENT,EQ,04-01-2024,"1,192.85","1,195.55","1,229.95","1,193.65","1,228.00","1,225.55","1,203.73","86,948","10,46,61,684.45","4,502","76,582",88.08
PRUDENT,EQ,05-01-2024,"1,225.55","1,225.55","1,243.85","1,223.50","1,240.05","1,238.10","1,233.43","21,699","2,67,64,260.25","4,760","12,542",57.8
PRUDENT,EQ,08-01-2024,"1,238.10","1,238.10","1,249.85","1,198.00","1,212.00","1,202.15","1,213.82","39,504","4,79,50,735.80","7,156","25,670",64.98
PRUDENT,EQ,09-01-2024,"1,202.15","1,218.00","1,224.00","1,183.10","1,224.00","1,211.70","1,208.99","14,196","1,71,62,796.75","4,986","6,946",48.93
PRUDENT,EQ,10-01-2024,"1,211.70","1,215.00","1,249.00","1,213.50","1,240.00","1,237.95","1,236.28","41,777","5,16,47,988.25","7,916","15,352",36.75
PRUDENT,EQ,11-01-2024,"1,237.95","1,255.00","1,277.00","1,240.00","1,269.50","1,266.85","1,258.55","53,288","6,70,65,416.65","10,212","23,875",44.8
PRUDENT,EQ,12-01-2024,"1,266.85","1,274.00","1,297.80","1,249.40","1,284.90","1,283.15","1,279.75","40,280","5,15,48,268.35","5,739","21,602",53.63
PRUDENT,EQ,15-01-2024,"1,283.15","1,304.25","1,304.25","1,260.00","1,282.00","1,282.85","1,276.90","25,177","3,21,48,577.65","2,995","12,238",48.61
PRUDENT,EQ,16-01-2024,"1,282.85","1,284.95","1,291.95","1,261.05","1,270.00","1,275.50","1,276.51","18,341","2,34,12,541.70","3,966","8,864",48.33
PRUDENT,EQ,17-01-2024,"1,275.50","1,270.00","1,282.10","1,219.00","1,235.00","1,235.65","1,253.14","23,429","2,93,59,807.90","4,901","12,818",54.71
PRUDENT,EQ,18-01-2024,"1,235.65","1,225.00","1,248.40","1,205.00","1,246.25","1,243.75","1,229.32","21,416","2,63,27,072.25","5,465","8,978",41.92
PRUDENT,EQ,19-01-2024,"1,243.75","1,265.00","1,270.95","1,220.00","1,225.00","1,225.70","1,240.50","16,672","2,06,81,662.15","4,102","9,091",54.53
PRUDENT,EQ,20-01-2024,"1,225.70","1,239.00","1,239.00","1,210.20","1,220.00","1,217.20","1,219.21","6,430","78,39,525.50","2,001","3,531",54.91
PRUDENT,EQ,23-01-2024,"1,217.20","1,233.00","1,236.50","1,200.00","1,210.00","1,216.85","1,216.53","22,990","2,79,68,027.10","4,582","11,525",50.13
PRUDENT,EQ,24-01-2024,"1,216.85","1,243.00","1,243.00","1,194.00","1,212.80","1,206.35","1,207.89","19,654","2,37,39,949.40","4,309","9,410",47.88
PRUDENT,EQ,25-01-2024,"1,206.35","1,206.35","1,276.00","1,206.35","1,262.00","1,253.40","1,242.93","73,673","9,15,70,300.45","11,995","16,748",22.73
PRUDENT,EQ,29-01-2024,"1,253.40","1,284.00","1,285.65","1,226.75","1,239.90","1,237.60","1,246.26","89,373","11,13,81,663.60","8,728","68,446",76.58
PRUDENT,EQ,30-01-2024,"1,237.60","1,245.80","1,399.00","1,243.80","1,362.00","1,371.40","1,345.87","1,93,248","26,00,86,848.35","32,067","73,113",37.83
PRUDENT,EQ,31-01-2024,"1,371.40","1,377.50","1,444.50","1,363.20","1,443.80","1,427.25","1,405.04","1,54,245","21,67,19,991.30","27,734","64,167",41.6
PRUDENT,EQ,01-02-2024,"1,427.25","1,427.20","1,442.45","1,360.00","1,365.10","1,382.40","1,406.35","58,815","8,27,14,546.90","9,909","12,402",21.09
PRUDENT,EQ,02-02-2024,"1,382.40","1,382.40","1,395.90","1,315.90","1,338.00","1,329.75","1,354.39","43,113","5,83,91,929.65","8,089","16,854",39.09
PRUDENT,EQ,05-02-2024,"1,329.75","1,333.75","1,366.90","1,309.00","1,314.90","1,315.55","1,335.52","24,281","3,24,27,704.60","5,339","10,463",43.09
PRUDENT,EQ,06-02-2024,"1,315.55","1,319.65","1,365.00","1,319.05","1,330.00","1,340.30","1,341.51","18,954","2,54,27,016.30","5,049","9,694",51.14
PRUDENT,EQ,07-02-2024,"1,340.30","1,345.95","1,356.30","1,282.95","1,307.00","1,307.10","1,322.72","17,496","2,31,42,259.60","4,216","8,257",47.19
PRUDENT,EQ,08-02-2024,"1,307.10","1,308.00","1,352.00","1,304.65","1,330.55","1,332.65","1,331.58","20,772","2,76,59,654.50","5,958","9,967",47.98
PRUDENT,EQ,09-02-2024,"1,332.65","1,342.00","1,342.00","1,270.00","1,294.00","1,288.00","1,295.49","23,419","3,03,39,002.60","4,905","10,210",43.6
PRUDENT,EQ,12-02-2024,"1,288.00","1,287.00","1,318.80","1,260.15","1,296.55","1,293.20","1,291.68","17,056","2,20,30,865.65","3,460","8,419",49.36
PRUDENT,EQ,13-02-2024,"1,293.20","1,291.00","1,309.40","1,250.00","1,254.00","1,250.30","1,250.48","34,80,385","4,35,21,45,424.70","8,192","33,24,805",95.53
PRUDENT,EQ,14-02-2024,"1,250.30","1,248.00","1,324.40","1,238.00","1,309.00","1,307.45","1,287.80","34,815","4,48,34,620.60","4,661","20,543",59.01
PRUDENT,EQ,15-02-2024,"1,307.45","1,300.95","1,330.15","1,290.10","1,310.00","1,308.50","1,315.59","15,637","2,05,71,832.35","3,659","5,894",37.69
PRUDENT,EQ,16-02-2024,"1,308.50","1,313.00","1,359.00","1,309.90","1,324.00","1,331.95","1,320.60","1,44,302","19,05,64,778.15","6,749","1,23,553",85.62
PRUDENT,EQ,19-02-2024,"1,331.95","1,332.00","1,364.00","1,325.60","1,347.00","1,345.55","1,341.57","18,910","2,53,69,174.45","3,186","11,900",62.93
PRUDENT,EQ,20-02-2024,"1,345.55","1,345.55","1,402.55","1,341.40","1,399.00","1,397.25","1,371.40","31,002","4,25,16,097.35","6,362","16,584",53.49
PRUDENT,EQ,21-02-2024,"1,397.25","1,395.00","1,449.00","1,392.05","1,439.70","1,437.35","1,430.99","48,492","6,93,91,656.60","7,496","19,658",40.54
PRUDENT,EQ,22-02-2024,"1,437.35","1,437.35","1,446.50","1,366.70","1,377.00","1,378.90","1,394.67","27,934","3,89,58,798.15","6,020","10,164",36.39
PRUDENT,EQ,23-02-2024,"1,378.90","1,380.00","1,412.95","1,380.00","1,395.00","1,393.90","1,395.68","19,249","2,68,65,527.70","3,343","7,792",40.48
PRUDENT,EQ,26-02-2024,"1,393.90","1,382.05","1,405.95","1,371.60","1,382.75","1,376.35","1,385.92","6,363","88,18,631.55","1,552","3,516",55.26
PRUDENT,EQ,27-02-2024,"1,376.35","1,390.10","1,408.00","1,384.05","1,401.00","1,398.35","1,395.70","9,926","1,38,53,690.05","3,175","4,837",48.73
PRUDENT,EQ,28-02-2024,"1,398.35","1,409.00","1,425.90","1,346.05","1,362.00","1,355.55","1,385.55","23,393","3,24,12,135.25","4,822","9,628",41.16
PRUDENT,EQ,29-02-2024,"1,355.55","1,371.80","1,390.00","1,330.20","1,358.20","1,364.75","1,352.20","15,194","2,05,45,390.30","3,248","7,221",47.53
PRUDENT,EQ,01-03-2024,"1,364.75","1,364.75","1,387.95","1,312.00","1,326.10","1,331.50","1,335.29","22,420","2,99,37,132.40","3,987","12,671",56.52
PRUDENT,EQ,02-03-2024,"1,331.50","1,331.40","1,359.65","1,314.05","1,348.00","1,348.30","1,344.32","2,175","29,23,896.15",302,"1,489",68.46
PRUDENT,EQ,04-03-2024,"1,348.30","1,360.00","1,360.00","1,296.20","1,308.00","1,302.70","1,309.41","16,577","2,17,06,069.85","3,606","9,542",57.56
PRUDENT,EQ,05-03-2024,"1,302.70","1,316.00","1,326.80","1,286.05","1,321.40","1,321.35","1,306.49","52,190","6,81,85,709.15","3,288","43,080",82.54
PRUDENT,EQ,06-03-2024,"1,321.35","1,310.00","1,341.05","1,254.00","1,310.00","1,307.50","1,311.61","81,064","10,63,24,736.85","8,159","55,200",68.09
PRUDENT,EQ,07-03-2024,"1,307.50","1,318.00","1,375.00","1,312.15","1,375.00","1,358.05","1,343.70","20,305","2,72,83,745.50","3,686","10,332",50.88
PRUDENT,EQ,11-03-2024,"1,358.05","1,358.05","1,372.75","1,310.05","1,327.00","1,317.35","1,329.85","21,204","2,81,98,238.75","5,198","10,333",48.73
PRUDENT,EQ,12-03-2024,"1,317.35","1,321.00","1,321.00","1,255.70","1,265.00","1,266.85","1,274.37","36,097","4,60,00,759.25","5,660","23,946",66.34
PRUDENT,EQ,13-03-2024,"1,266.85","1,250.00","1,278.35","1,135.00","1,151.00","1,151.40","1,209.03","70,090","8,47,40,886.25","12,454","44,765",63.87
PRUDENT,EQ,14-03-2024,"1,151.40","1,163.00","1,259.00","1,159.10","1,215.00","1,222.95","1,219.15","57,823","7,04,95,179.80","10,253","26,890",46.5
PRUDENT,EQ,15-03-2024,"1,222.95","1,222.95","1,243.00","1,200.00","1,214.00","1,211.05","1,215.74","24,815","3,01,68,580.10","4,730","11,126",44.84
PRUDENT,EQ,18-03-2024,"1,211.05","1,200.05","1,249.95","1,200.05","1,244.95","1,242.45","1,226.78","16,314","2,00,13,646.80","4,413","6,170",37.82
PRUDENT,EQ,19-03-2024,"1,242.45","1,245.00","1,267.00","1,231.00","1,264.00","1,261.45","1,249.67","17,434","2,17,86,787.30","3,989","8,982",51.52
PRUDENT,EQ,20-03-2024,"1,261.45","1,265.95","1,278.20","1,238.30","1,275.00","1,265.65","1,256.91","20,897","2,62,65,678.50","5,124","7,761",37.14
PRUDENT,EQ,21-03-2024,"1,265.65","1,271.95","1,280.00","1,239.00","1,250.00","1,255.65","1,260.17","20,263","2,55,34,802.50","4,588","6,380",31.49
PRUDENT,EQ,22-03-2024,"1,255.65","1,260.60","1,270.00","1,245.00","1,265.05","1,265.45","1,258.08","7,484","94,15,471.80","1,482","4,074",54.44
PRUDENT,EQ,26-03-2024,"1,265.45","1,268.00","1,294.20","1,247.55","1,265.95","1,275.35","1,276.54","17,231","2,19,96,034.90","5,123","9,685",56.21
PRUDENT,EQ,27-03-2024,"1,275.35","1,278.00","1,278.95","1,201.50","1,218.00","1,209.50","1,227.73","35,413","4,34,77,642.65","4,985","21,708",61.3
PRUDENT,EQ,28-03-2024,"1,209.50","1,209.95","1,264.50","1,206.00","1,260.75","1,254.75","1,246.21","24,317","3,03,04,001.70","3,992","9,548",39.26
PRUDENT,EQ,01-04-2024,"1,254.75","1,296.00","1,296.00","1,261.00","1,266.00","1,271.85","1,271.54","11,523","1,46,52,012.55","2,781","5,068",43.98
PRUDENT,EQ,02-04-2024,"1,271.85","1,278.80","1,302.70","1,248.80","1,259.80","1,261.35","1,288.46","39,602","5,10,25,416.20","3,128","32,614",82.35
PRUDENT,EQ,03-04-2024,"1,261.35","1,267.75","1,340.00","1,263.00","1,337.20","1,321.70","1,303.31","73,317","9,55,54,715.70","6,199","54,337",74.11
PRUDENT,EQ,04-04-2024,"1,321.70","1,325.05","1,352.40","1,303.00","1,312.10","1,323.25","1,329.25","23,324","3,10,03,417.40","5,355","8,633",37.01
PRUDENT,EQ,05-04-2024,"1,323.25","1,316.00","1,366.05","1,298.05","1,298.20","1,311.85","1,323.85","17,781","2,35,39,379.05","3,090","8,332",46.86
PRUDENT,EQ,08-04-2024,"1,311.85","1,316.00","1,321.95","1,267.00","1,277.00","1,275.70","1,285.59","17,513","2,25,14,563.10","2,795","9,452",53.97
PRUDENT,EQ,09-04-2024,"1,275.70","1,285.00","1,374.95","1,272.90","1,361.95","1,364.20","1,339.82","55,392","7,42,15,164.40","8,285","27,094",48.91
PRUDENT,EQ,10-04-2024,"1,364.20","1,356.00","1,384.95","1,351.00","1,372.00","1,372.15","1,369.61","22,459","3,07,60,124.80","3,482","10,830",48.22
PRUDENT,EQ,12-04-2024,"1,372.15","1,372.10","1,379.95","1,350.00","1,366.05","1,361.80","1,367.14","21,400","2,92,56,697.50","2,612","14,062",65.71
PRUDENT,EQ,15-04-2024,"1,361.80","1,311.00","1,374.95","1,299.10","1,365.00","1,362.60","1,346.55","21,965","2,95,76,984.65","5,421","11,612",52.87
PRUDENT,EQ,16-04-2024,"1,362.60","1,355.00","1,432.45","1,355.00","1,395.00","1,397.10","1,409.57","45,200","6,37,12,618.70","7,457","23,556",52.12
PRUDENT,EQ,18-04-2024,"1,397.10","1,397.00","1,423.05","1,380.50","1,400.70","1,390.00","1,408.06","16,394","2,30,83,711.25","2,930","9,084",55.41
PRUDENT,EQ,19-04-2024,"1,390.00","1,390.00","1,415.95","1,366.10","1,371.05","1,389.95","1,399.08","19,978","2,79,50,913.80","3,674","8,227",41.18
PRUDENT,EQ,22-04-2024,"1,389.95","1,390.00","1,429.95","1,385.10","1,414.80","1,411.70","1,403.60","15,015","2,10,75,122.20","3,132","7,450",49.62
PRUDENT,EQ,23-04-2024,"1,411.70","1,418.00","1,524.00","1,404.10","1,498.00","1,493.75","1,485.15","97,473","14,47,62,099.80","13,964","27,976",28.7
PRUDENT,EQ,24-04-2024,"1,493.75","1,550.00","1,550.00","1,483.50","1,490.00","1,506.35","1,515.17","47,736","7,23,28,161.55","7,893","21,471",44.98
PRUDENT,EQ,25-04-2024,"1,506.35","1,502.00","1,557.00","1,491.55","1,500.00","1,501.20","1,526.87","31,811","4,85,71,357.55","4,776","12,745",40.06
PRUDENT,EQ,26-04-2024,"1,501.20","1,509.05","1,544.80","1,503.65","1,537.00","1,532.90","1,526.05","16,734","2,55,36,915.10","3,253","8,915",53.27
PRUDENT,EQ,29-04-2024,"1,532.90","1,557.00","1,580.00","1,514.00","1,534.15","1,545.60","1,536.31","16,540","2,54,10,551.45","3,765","7,762",46.93
PRUDENT,EQ,30-04-2024,"1,545.60","1,545.80","1,571.00","1,525.00","1,544.00","1,544.70","1,551.97","22,195","3,44,45,880.90","4,622","10,321",46.5
PRUDENT,EQ,02-05-2024,"1,544.70","1,544.75","1,628.00","1,544.75","1,625.00","1,619.85","1,600.75","1,90,592","30,50,89,354.45","8,606","1,66,157",87.18
PRUDENT,EQ,03-05-2024,"1,619.85","1,767.70","1,767.70","1,615.05","1,648.00","1,636.85","1,657.87","2,03,423","33,72,47,972.85","37,156","1,24,500",61.2
PRUDENT,EQ,06-05-2024,"1,636.85","1,651.70","1,699.00","1,571.00","1,626.00","1,620.45","1,639.13","1,25,421","20,55,81,080.85","17,758","67,264",53.63
PRUDENT,EQ,07-05-2024,"1,620.45","1,620.50","1,650.00","1,576.00","1,577.35","1,588.30","1,610.33","48,598","7,82,58,687.75","10,755","23,423",48.2
PRUDENT,EQ,08-05-2024,"1,588.30","1,582.00","1,618.00","1,569.80","1,591.90","1,593.40","1,590.90","18,473","2,93,88,685.10","4,067","9,198",49.79
PRUDENT,EQ,09-05-2024,"1,593.40","1,593.35","1,599.95","1,521.00","1,530.00","1,548.75","1,561.10","22,641","3,53,44,968.20","3,884","12,394",54.74
PRUDENT,EQ,10-05-2024,"1,548.75","1,533.05","1,562.90","1,525.00","1,539.00","1,536.25","1,542.34","8,692","1,34,06,044.90","2,649","3,794",43.65
PRUDENT,EQ,13-05-2024,"1,536.25","1,531.00","1,531.00","1,451.05","1,519.00","1,520.95","1,500.52","32,541","4,88,28,524.25","9,669","14,793",45.46
PRUDENT,EQ,14-05-2024,"1,520.95","1,526.00","1,610.05","1,515.05","1,578.05","1,581.40","1,563.09","40,792","6,37,61,433.65","7,378","23,577",57.8
PRUDENT,EQ,15-05-2024,"1,581.40","1,576.00","1,629.00","1,560.00","1,608.25","1,604.75","1,597.22","20,803","3,32,27,032.00","5,870","9,145",43.96
PRUDENT,EQ,16-05-2024,"1,604.75","1,611.00","1,645.10","1,606.00","1,619.00","1,615.90","1,621.44","19,023","3,08,44,731.45","6,870","9,116",47.92
PRUDENT,EQ,17-05-2024,"1,615.90","1,622.00","1,635.95","1,600.00","1,627.90","1,618.75","1,619.76","8,129","1,31,67,005.35","3,455","3,895",47.91
PRUDENT,EQ,18-05-2024,"1,618.75","1,624.00","1,651.10","1,614.85","1,621.00","1,624.25","1,633.95",943,"15,40,814.80",233,463,49.1
PRUDENT,EQ,21-05-2024,"1,624.25","1,624.25","1,638.30","1,603.05","1,630.00","1,630.35","1,624.33","9,943","1,61,50,675.50","3,977","6,081",61.16
PRUDENT,EQ,22-05-2024,"1,630.35","1,637.95","1,640.45","1,565.25","1,584.00","1,588.30","1,606.40","11,546","1,85,47,530.90","4,448","5,630",48.76
PRUDENT,EQ,23-05-2024,"1,588.30","1,591.00","1,640.00","1,585.00","1,611.30","1,629.40","1,616.70","14,593","2,35,92,440.75","5,427","8,267",56.65
PRUDENT,EQ,24-05-2024,"1,629.40","1,636.00","1,675.90","1,613.10","1,634.95","1,645.65","1,649.94","12,651","2,08,73,388.35","2,723","6,288",49.7
PRUDENT,EQ,27-05-2024,"1,645.65","1,656.00","1,745.00","1,618.90","1,725.00","1,730.15","1,698.39","26,635","4,52,36,612.40","5,797","15,511",58.24
PRUDENT,EQ,28-05-2024,"1,730.15","1,745.00","1,745.05","1,632.50","1,640.00","1,653.35","1,651.24","31,80,813","5,25,22,89,541.55","17,329","29,26,348",92.0
PRUDENT,EQ,29-05-2024,"1,653.35","1,648.00","1,694.85","1,614.80","1,680.00","1,680.55","1,660.22","62,830","10,43,11,935.35","9,780","33,245",52.91
PRUDENT,EQ,30-05-2024,"1,680.55","1,670.30","1,689.50","1,601.20","1,648.95","1,627.75","1,631.68","53,132","8,66,94,478.65","9,741","27,656",52.05
PRUDENT,EQ,31-05-2024,"1,627.75","1,630.00","1,676.95","1,606.65","1,674.00","1,650.20","1,646.55","35,651","5,87,01,021.60","6,992","19,176",53.79
PRUDENT,EQ,03-06-2024,"1,650.20","1,670.00","1,707.95","1,655.85","1,672.00","1,679.65","1,677.30","27,684","4,64,34,290.60","5,858","12,262",44.29
PRUDENT,EQ,04-06-2024,"1,679.65","1,660.60","1,681.30","1,519.65","1,550.00","1,596.35","1,628.40","68,235","11,11,14,073.10","11,391","37,750",55.32
PRUDENT,EQ,05-06-2024,"1,596.35","1,572.40","1,648.00","1,519.00","1,560.60","1,541.45","1,539.91","71,981","11,08,44,613.55","12,574","52,203",72.52
PRUDENT,EQ,06-06-2024,"1,541.45","1,548.00","1,654.75","1,548.00","1,639.15","1,644.30","1,617.52","22,339","3,61,33,743.10","5,454","10,588",47.4
PRUDENT,EQ,07-06-2024,"1,644.30","1,650.00","1,727.30","1,636.55","1,700.00","1,708.75","1,705.06","68,351","11,65,42,358.50","8,841","45,928",67.19
PRUDENT,EQ,10-06-2024,"1,708.75","1,744.90","1,761.00","1,712.95","1,717.45","1,722.00","1,738.02","19,071","3,31,45,805.90","5,344","9,474",49.68
PRUDENT,EQ,11-06-2024,"1,722.00","1,722.10","1,824.20","1,722.10","1,790.20","1,808.70","1,794.85","58,961","10,58,26,076.30","12,100","29,337",49.76
PRUDENT,EQ,12-06-2024,"1,808.70","1,826.80","1,849.95","1,781.00","1,845.00","1,827.10","1,811.69","27,530","4,98,75,855.85","5,899","15,747",57.2
PRUDENT,EQ,13-06-2024,"1,827.10","1,834.55","1,853.95","1,823.40","1,843.35","1,840.30","1,838.10","16,242","2,98,54,393.50","6,299","7,320",45.07
PRUDENT,EQ,14-06-2024,"1,840.30","1,849.00","1,877.00","1,815.80","1,867.00","1,865.40","1,866.27","17,801","3,32,21,414.15","3,397","9,297",52.23
PRUDENT,EQ,18-06-2024,"1,865.40","1,893.40","1,950.00","1,831.20","1,844.00","1,854.75","1,863.10","25,653","4,77,93,977.25","5,549","13,348",52.03
PRUDENT,EQ,19-06-2024,"1,854.75","1,858.00","1,876.30","1,818.05","1,848.00","1,843.05","1,848.05","19,833","3,66,52,334.90","3,845","9,944",50.14
PRUDENT,EQ,20-06-2024,"1,843.05","1,843.60","1,872.00","1,815.10","1,837.50","1,833.70","1,846.98","18,497","3,41,63,658.70","4,567","11,302",61.1
PRUDENT,EQ,21-06-2024,"1,833.70","1,833.75","1,853.00","1,792.35","1,814.05","1,807.55","1,813.16","20,761","3,76,42,945.90","5,766","10,618",51.14
PRUDENT,EQ,24-06-2024,"1,807.55","1,808.00","1,927.40","1,808.00","1,907.50","1,898.45","1,897.93","63,869","12,12,19,060.00","11,907","35,671",55.85
PRUDENT,EQ,25-06-2024,"1,898.45","1,898.45","1,930.95","1,894.45","1,913.00","1,910.00","1,909.81","22,785","4,35,15,003.75","4,445","13,061",57.32
PRUDENT,EQ,26-06-2024,"1,910.00","1,929.15","1,955.00","1,920.00","1,940.00","1,940.60","1,939.95","26,756","5,19,05,176.95","4,670","18,671",69.78
PRUDENT,EQ,27-06-2024,"1,940.60","1,955.00","1,955.00","1,898.00","1,915.10","1,914.80","1,924.99","73,592","14,16,63,600.20","6,188","67,008",91.05
PRUDENT,EQ,28-06-2024,"1,914.80","1,922.40","1,938.20","1,880.35","1,893.15","1,899.25","1,901.11","11,759","2,23,55,102.60","4,671","6,067",51.59
PRUDENT,EQ,01-07-2024,"1,899.25","1,912.70","1,948.95","1,864.00","1,897.00","1,901.60","1,908.26","26,574","5,07,09,989.05","7,499","15,795",59.44
PRUDENT,EQ,02-07-2024,"1,901.60","1,913.25","2,052.00","1,882.85","2,014.80","2,006.70","1,961.82","96,669","18,96,47,307.05","11,709","53,073",54.9
PRUDENT,EQ,03-07-2024,"2,006.70","2,020.00","2,028.00","1,955.05","1,975.00","1,970.80","1,984.81","14,974","2,97,20,561.95","3,435","8,792",58.72
PRUDENT,EQ,04-07-2024,"1,970.80","1,984.70","1,998.10","1,934.05","1,944.25","1,945.90","1,950.49","11,604","2,26,33,484.65","3,213","6,505",56.06
PRUDENT,EQ,05-07-2024,"1,945.90","1,956.45","1,973.50","1,912.50","1,945.90","1,945.85","1,942.51","9,841","1,91,16,192.50","3,671","5,709",58.01
PRUDENT,EQ,08-07-2024,"1,945.85","1,954.80","1,967.95","1,925.50","1,925.50","1,944.65","1,946.61","10,912","2,12,41,459.70","3,386","6,387",58.53
PRUDENT,EQ,09-07-2024,"1,944.65","1,925.00","2,080.00","1,925.00","2,025.55","2,019.70","2,026.22","57,326","11,61,54,964.10","14,996","21,579",37.64
PRUDENT,EQ,10-07-2024,"2,019.70","2,025.55","2,049.95","1,982.25","1,986.00","1,997.15","2,001.53","15,734","3,14,92,000.55","4,884","8,487",53.94
PRUDENT,EQ,11-07-2024,"1,997.15","2,010.40","2,019.60","1,975.05","2,005.25","1,997.10","1,988.62","21,735","4,32,22,640.00","5,796","13,676",62.92
PRUDENT,EQ,12-07-2024,"1,997.10","2,005.00","2,100.00","1,967.10","2,017.05","1,989.80","2,032.41","77,706","15,79,30,491.40","8,685","53,618",69.0
PRUDENT,EQ,15-07-2024,"1,989.80","1,999.95","2,093.50","1,974.15","2,075.00","2,080.60","2,040.92","16,664","3,40,09,839.95","4,863","7,219",43.32
PRUDENT,EQ,16-07-2024,"2,080.60","2,075.00","2,130.00","2,045.05","2,125.00","2,100.50","2,089.41","21,593","4,51,16,659.05","3,132","15,784",73.1
PRUDENT,EQ,18-07-2024,"2,100.50","2,115.40","2,156.00","2,007.10","2,096.60","2,108.65","2,091.69","43,691","9,13,87,871.95","12,732","13,801",31.59
PRUDENT,EQ,19-07-2024,"2,108.65","2,109.00","2,138.50","2,011.15","2,021.00","2,028.40","2,045.59","36,825","7,53,28,684.05","9,870","19,432",52.77
PRUDENT,EQ,22-07-2024,"2,028.40","2,030.00","2,055.95","1,960.00","1,990.00","1,993.15","2,012.92","35,060","7,05,72,939.20","8,872","21,786",62.14
PRUDENT,EQ,23-07-2024,"1,993.15","1,993.15","2,050.05","1,981.00","2,000.00","1,988.05","2,008.02","46,702","9,37,78,393.30","10,274","31,969",68.45
PRUDENT,EQ,24-07-2024,"1,988.05","1,978.05","2,151.50","1,966.25","2,151.50","2,144.95","2,106.65","32,816","6,91,31,987.20","6,905","13,123",39.99
PRUDENT,EQ,25-07-2024,"2,144.95","2,181.00","2,286.85","2,152.20","2,286.85","2,253.70","2,221.33","1,80,007","39,98,55,616.90","15,550","1,29,717",72.06
PRUDENT,EQ,26-07-2024,"2,253.70","2,260.60","2,367.20","2,260.00","2,350.00","2,357.90","2,330.40","57,015","13,28,67,583.40","14,947","22,250",39.02
PRUDENT,EQ,29-07-2024,"2,357.90","2,376.00","2,404.00","2,297.05","2,385.45","2,387.15","2,366.39","49,094","11,61,75,682.30","10,384","20,244",41.24
PRUDENT,EQ,30-07-2024,"2,387.15","2,388.65","2,404.95","2,350.05","2,372.00","2,387.80","2,378.67","15,193","3,61,39,082.30","4,551","6,880",45.28
PRUDENT,EQ,31-07-2024,"2,387.80","2,374.15","2,468.30","2,279.30","2,299.00","2,295.45","2,386.09","1,18,043","28,16,61,112.10","8,011","96,728",81.94
PRUDENT,EQ,01-08-2024,"2,295.45","2,302.80","2,315.55","2,277.00","2,281.00","2,294.00","2,298.27","16,987","3,90,40,792.60","5,317","7,782",45.81
PRUDENT,EQ,02-08-2024,"2,294.00","2,305.00","2,305.00","2,187.55","2,229.60","2,222.20","2,220.73","36,902","8,19,49,541.05","8,361","19,245",52.15
PRUDENT,EQ,05-08-2024,"2,222.20","2,100.00","2,182.60","2,095.10","2,150.00","2,120.60","2,132.21","24,501","5,22,41,331.20","8,748","11,233",45.85
PRUDENT,EQ,06-08-2024,"2,120.60","2,130.05","2,223.50","2,130.05","2,165.00","2,194.60","2,181.89","24,109","5,26,03,230.20","7,291","12,776",52.99
PRUDENT,EQ,07-08-2024,"2,194.60","2,250.00","2,281.45","2,146.25","2,160.00","2,166.65","2,180.26","2,27,122","49,51,85,757.80","20,027","2,11,235",93.01
PRUDENT,EQ,08-08-2024,"2,166.65","2,163.90","2,329.00","2,122.20","2,314.10","2,291.55","2,175.34","1,43,928","31,30,92,029.70","16,345","1,06,252",73.82
PRUDENT,EQ,09-08-2024,"2,291.55","2,310.00","2,388.95","2,237.35","2,316.00","2,331.45","2,337.84","1,59,650","37,32,36,689.00","23,282","77,277",48.4
PRUDENT,EQ,12-08-2024,"2,331.45","2,318.95","2,373.80","2,292.15","2,315.00","2,344.35","2,352.40","98,244","23,11,09,426.10","6,121","87,450",89.01
PRUDENT,EQ,13-08-2024,"2,344.35","2,311.35","2,464.00","2,311.35","2,410.00","2,420.85","2,399.54","97,261","23,33,81,934.60","15,536","55,323",56.88
PRUDENT,EQ,14-08-2024,"2,420.85","2,420.85","2,737.70","2,420.00","2,680.15","2,700.15","2,580.08","3,80,416","98,15,04,034.90","44,346","2,11,120",55.5
PRUDENT,EQ,16-08-2024,"2,700.15","2,680.00","2,714.95","2,528.00","2,579.50","2,549.65","2,605.02","2,62,403","68,35,65,624.30","14,796","2,26,019",86.13
PRUDENT,EQ,19-08-2024,"2,549.65","2,541.00","2,541.00","2,316.00","2,370.00","2,382.25","2,432.39","16,84,881","4,09,82,83,062.65","34,177","12,96,902",76.97
PRUDENT,EQ,20-08-2024,"2,382.25","2,385.00","2,447.50","2,363.20","2,390.00","2,385.05","2,399.01","74,531","17,88,00,248.25","15,228","31,247",41.92
PRUDENT,EQ,21-08-2024,"2,385.05","2,384.00","2,442.50","2,352.45","2,420.00","2,433.00","2,418.59","1,74,139","42,11,70,099.75","22,583","1,08,279",62.18
PRUDENT,EQ,22-08-2024,"2,433.00","2,430.95","2,464.75","2,376.30","2,394.60","2,401.20","2,425.07","43,312","10,50,34,667.70","8,414","24,152",55.76
PRUDENT,EQ,23-08-2024,"2,401.20","2,397.20","2,461.10","2,383.65","2,410.00","2,429.85","2,413.07","41,608","10,04,03,213.25","10,033","22,864",54.95
PRUDENT,EQ,26-08-2024,"2,429.85","2,464.90","2,464.90","2,388.25","2,415.70","2,425.75","2,416.11","54,137","13,08,01,111.30","6,459","38,909",71.87
PRUDENT,EQ,27-08-2024,"2,425.75","2,489.90","2,489.90","2,416.05","2,441.00","2,450.15","2,449.94","29,029","7,11,19,243.15","7,039","16,015",55.17
PRUDENT,EQ,28-08-2024,"2,450.15","2,474.00","2,500.00","2,429.50","2,455.00","2,452.95","2,460.71","37,514","9,23,11,232.45","7,360","19,304",51.46
PRUDENT,EQ,29-08-2024,"2,452.95","2,501.00","2,501.00","2,395.00","2,400.00","2,409.20","2,424.34","39,945","9,68,40,246.90","6,982","21,838",54.67
PRUDENT,EQ,30-08-2024,"2,409.20","2,439.00","2,469.75","2,375.00","2,425.00","2,435.65","2,430.11","1,51,324","36,77,33,769.40","12,901","1,07,907",71.31
PRUDENT,EQ,02-09-2024,"2,435.65","2,450.00","2,450.00","2,342.40","2,370.00","2,351.35","2,378.42","31,987","7,60,78,594.90","5,578","15,701",49.09
PRUDENT,EQ,03-09-2024,"2,351.35","2,399.00","2,400.00","2,321.00","2,355.15","2,343.25","2,351.59","41,169","9,68,12,586.05","10,339","20,862",50.67
PRUDENT,EQ,04-09-2024,"2,343.25","2,355.15","2,394.20","2,343.00","2,350.00","2,348.40","2,366.83","35,199","8,33,10,018.40","7,850","20,989",59.63
PRUDENT,EQ,05-09-2024,"2,348.40","2,350.00","2,444.00","2,350.00","2,441.10","2,412.50","2,400.45","87,858","21,08,98,599.20","13,666","64,572",73.5
PRUDENT,EQ,06-09-2024,"2,412.50","2,454.80","2,494.20","2,345.00","2,360.00","2,357.80","2,423.29","71,730","17,38,22,345.45","11,598","35,941",50.11
PRUDENT,EQ,09-09-2024,"2,357.80","2,337.15","2,354.85","2,274.80","2,335.00","2,337.90","2,308.35","58,254","13,44,70,435.60","10,049","41,097",70.55
PRUDENT,EQ,10-09-2024,"2,337.90","2,330.20","2,410.00","2,321.55","2,402.00","2,403.30","2,388.49","36,171","8,63,93,998.10","7,677","18,392",50.85
PRUDENT,EQ,11-09-2024,"2,403.30","2,403.30","2,403.30","2,340.50","2,350.00","2,350.60","2,375.53","13,668","3,24,68,732.55","4,743","7,731",56.56
PRUDENT,EQ,12-09-2024,"2,350.60","2,320.00","2,372.00","2,320.00","2,341.35","2,359.40","2,347.46","18,974","4,45,40,800.45","6,414","10,151",53.5
PRUDENT,EQ,13-09-2024,"2,359.40","2,369.00","2,424.80","2,334.55","2,390.00","2,410.10","2,383.11","51,094","12,17,62,856.65","7,534","36,480",71.4
PRUDENT,EQ,16-09-2024,"2,410.10","2,445.00","2,488.00","2,323.95","2,329.00","2,339.70","2,354.27","30,616","7,20,78,319.90","5,829","16,351",53.41
PRUDENT,EQ,17-09-2024,"2,339.70","2,326.00","2,347.05","2,297.00","2,311.90","2,305.15","2,313.70","11,744","2,71,72,076.10","3,156","4,934",42.01
PRUDENT,EQ,18-09-2024,"2,305.15","2,358.00","2,365.05","2,300.00","2,330.00","2,318.85","2,331.84","15,887","3,70,45,888.30","3,630","5,698",35.87
PRUDENT,EQ,19-09-2024,"2,318.85","2,360.00","2,360.00","2,261.05","2,295.00","2,295.85","2,298.57","29,280","6,73,02,120.85","5,530","15,516",52.99
PRUDENT,EQ,20-09-2024,"2,295.85","2,325.00","2,345.10","2,295.90","2,319.00","2,316.75","2,324.38","43,007","9,99,64,576.35","5,367","29,532",68.67
PRUDENT,EQ,23-09-2024,"2,316.75","2,320.00","2,414.65","2,300.00","2,400.00","2,399.75","2,366.77","99,846","23,63,12,587.05","9,973","64,714",64.81
PRUDENT,EQ,24-09-2024,"2,399.75","2,410.00","2,430.00","2,390.20","2,427.50","2,421.00","2,417.40","42,370","10,24,25,046.55","10,880","22,816",53.85
PRUDENT,EQ,25-09-2024,"2,421.00","2,438.00","2,498.00","2,415.05","2,465.00","2,464.30","2,467.32","53,553","13,21,32,132.35","10,175","27,621",51.58
PRUDENT,EQ,26-09-2024,"2,464.30","2,460.00","2,527.45","2,449.55","2,484.00","2,492.30","2,499.97","1,07,943","26,98,53,722.25","7,247","81,364",75.38
PRUDENT,EQ,27-09-2024,"2,492.30","2,490.00","2,847.05","2,483.85","2,610.00","2,674.80","2,633.96","87,665","23,09,05,752.95","9,036","48,772",55.63
PRUDENT,EQ,30-09-2024,"2,674.80","2,614.00","2,639.00","2,542.00","2,572.00","2,602.65","2,583.08","44,425","11,47,53,389.95","9,864","17,492",39.37
PRUDENT,EQ,01-10-2024,"2,602.65","2,623.90","2,623.90","2,550.00","2,564.90","2,571.95","2,573.59","33,087","8,51,52,340.20","4,826","12,009",36.3
PRUDENT,EQ,03-10-2024,"2,571.95","2,540.00","2,622.75","2,494.90","2,513.00","2,510.80","2,534.73","38,897","9,85,93,563.70","5,926","21,356",54.9
PRUDENT,EQ,04-10-2024,"2,510.80","2,490.05","2,512.45","2,423.10","2,468.95","2,463.30","2,476.61","33,287","8,24,38,883.50","8,691","16,834",50.57
PRUDENT,EQ,07-10-2024,"2,463.30","2,481.35","2,550.00","2,362.25","2,424.00","2,430.10","2,441.33","39,054","9,53,43,630.35","6,278","17,235",44.13
PRUDENT,EQ,08-10-2024,"2,430.10","2,435.95","2,487.95","2,396.05","2,449.00","2,460.95","2,457.75","18,657","4,58,54,272.35","3,541","10,050",53.87
PRUDENT,EQ,09-10-2024,"2,460.95","2,488.80","2,625.00","2,469.25","2,609.90","2,599.50","2,594.31","38,264","9,92,68,676.90","7,789","21,652",56.59
PRUDENT,EQ,10-10-2024,"2,599.50","2,618.45","2,701.60","2,590.00","2,590.05","2,611.35","2,651.95","39,958","10,59,66,778.90","4,564","27,001",67.57
PRUDENT,EQ,11-10-2024,"2,611.35","2,624.45","2,650.20","2,586.15","2,613.00","2,626.75","2,627.02","18,561","4,87,60,086.20","3,654","7,694",41.45
PRUDENT,EQ,14-10-2024,"2,626.75","2,666.15","2,666.15","2,575.05","2,589.00","2,593.65","2,600.06","28,466","7,40,13,383.40","5,870","17,752",62.36
PRUDENT,EQ,15-10-2024,"2,593.65","2,600.55","2,659.95","2,569.15","2,639.10","2,637.70","2,614.82","25,724","6,72,63,699.45","6,459","13,469",52.36
PRUDENT,EQ,16-10-2024,"2,637.70","2,680.00","2,742.00","2,580.00","2,600.00","2,607.65","2,624.80","1,19,325","31,32,04,357.70","12,744","77,270",64.76
PRUDENT,EQ,17-10-2024,"2,607.65","2,638.30","2,648.45","2,542.55","2,568.05","2,574.15","2,589.13","18,081","4,68,14,093.75","4,699","7,559",41.81
PRUDENT,EQ,18-10-2024,"2,574.15","2,574.00","2,721.90","2,514.05","2,684.55","2,696.75","2,658.95","30,348","8,06,93,756.90","7,851","14,011",46.17
PRUDENT,EQ,21-10-2024,"2,696.75","2,688.50","2,763.95","2,605.60","2,688.00","2,681.65","2,708.58","1,41,413","38,30,28,086.85","9,222","1,15,207",81.47
PRUDENT,EQ,22-10-2024,"2,681.65","2,682.00","2,710.00","2,575.05","2,623.00","2,593.30","2,674.50","1,50,865","40,34,88,109.45","6,956","1,34,009",88.83
PRUDENT,EQ,23-10-2024,"2,593.30","2,610.20","2,804.95","2,591.55","2,679.95","2,684.35","2,712.09","53,408","14,48,47,156.25","10,973","16,033",30.02
PRUDENT,EQ,24-10-2024,"2,684.35","2,689.90","2,709.95","2,626.00","2,645.00","2,644.30","2,661.47","15,689","4,17,55,842.60","4,541","5,379",34.29
PRUDENT,EQ,25-10-2024,"2,644.30","2,647.05","2,663.70","2,523.30","2,580.25","2,563.15","2,576.73","23,336","6,01,30,617.20","5,596","10,696",45.83
PRUDENT,EQ,28-10-2024,"2,563.15","2,580.00","2,669.00","2,560.10","2,660.00","2,656.30","2,615.70","23,109","6,04,46,305.90","6,563","10,881",47.09
PRUDENT,EQ,29-10-2024,"2,656.30","2,667.50","2,675.00","2,602.35","2,625.00","2,620.70","2,629.53","14,938","3,92,79,985.50","4,376","6,852",45.87
PRUDENT,EQ,30-10-2024,"2,620.70","2,647.25","2,760.00","2,616.00","2,720.00","2,713.45","2,699.93","33,475","9,03,80,265.00","8,681","14,626",43.69
PRUDENT,EQ,31-10-2024,"2,713.45","2,848.45","3,232.00","2,848.45","3,160.00","3,112.70","3,011.48","6,26,807","1,88,76,16,671.85","69,904","71,684",11.44
PRUDENT,EQ,01-11-2024,"3,112.70","3,230.00","3,735.20","3,175.25","3,735.20","3,520.50","3,457.20","2,55,864","88,45,72,866.80","22,459","18,911",7.39
PRUDENT,EQ,04-11-2024,"3,520.50","3,600.00","3,700.00","2,910.00","2,969.00","2,955.50","3,087.19","8,98,096","2,77,25,88,631.25","1,14,681","1,36,164",15.16
PRUDENT,EQ,05-11-2024,"2,955.50","2,955.50","3,073.00","2,820.00","2,924.00","2,935.25","2,965.03","3,65,310","1,08,31,55,523.00","58,495","50,531",13.83
PRUDENT,EQ,06-11-2024,"2,935.25","2,935.00","3,024.85","2,914.70","2,980.00","2,979.80","2,975.29","1,07,540","31,99,62,160.30","19,018","37,612",34.97
PRUDENT,EQ,07-11-2024,"2,979.80","2,980.00","3,032.80","2,921.00","2,948.00","2,938.55","2,966.61","49,539","14,69,63,070.65","10,414","16,140",32.58
PRUDENT,EQ,08-11-2024,"2,938.55","2,958.90","3,014.70","2,900.75","2,973.00","2,981.30","2,967.39","47,664","14,14,37,698.90","9,413","15,747",33.04
PRUDENT,EQ,11-11-2024,"2,981.30","2,994.75","3,050.00","2,913.10","2,931.45","2,937.80","2,969.35","80,075","23,77,70,932.60","18,999","39,076",48.8
PRUDENT,EQ,12-11-2024,"2,937.80","2,919.05","2,992.70","2,885.55","2,970.05","2,981.30","2,924.20","1,06,641","31,18,39,408.55","20,657","67,379",63.18
PRUDENT,EQ,13-11-2024,"2,981.30","2,981.30","3,041.20","2,870.10","2,896.00","2,884.00","2,942.58","48,646","14,31,44,637.75","14,448","22,027",45.28
PRUDENT,EQ,14-11-2024,"2,884.00","2,885.00","3,046.00","2,863.45","2,994.00","2,992.75","3,000.73","74,182","22,26,00,486.60","21,042","44,137",59.5
PRUDENT,EQ,18-11-2024,"2,992.75","3,023.00","3,023.95","2,942.55","2,972.15","2,970.40","2,974.84","27,419","8,15,67,172.35","6,893","15,555",56.73
PRUDENT,EQ,19-11-2024,"2,970.40","2,970.40","3,019.95","2,965.15","2,990.00","2,991.90","2,994.58","44,605","13,35,73,439.50","3,833","36,715",82.31
PRUDENT,EQ,21-11-2024,"2,991.90","3,002.95","3,002.95","2,883.00","2,896.05","2,900.05","2,932.26","46,125","13,52,50,539.65","13,557","29,015",62.91
PRUDENT,EQ,22-11-2024,"2,900.05","2,959.00","3,125.85","2,910.00","3,080.00","3,074.10","3,060.61","1,72,993","52,94,63,717.70","35,877","80,906",46.77
PRUDENT,EQ,25-11-2024,"3,074.10","3,109.00","3,181.90","3,028.30","3,056.05","3,066.40","3,087.44","1,72,787","53,34,68,943.80","24,365","1,13,794",65.86
PRUDENT,EQ,26-11-2024,"3,066.40","3,114.00","3,130.00","3,026.00","3,046.30","3,053.35","3,061.20","63,280","19,37,12,539.25","10,590","42,313",66.87
PRUDENT,EQ,27-11-2024,"3,053.35","3,085.00","3,100.00","2,942.60","3,020.90","3,009.45","3,017.90","44,167","13,32,91,522.25","8,799","13,258",30.02
PRUDENT,EQ,28-11-2024,"3,009.45","3,038.60","3,049.30","2,997.05","3,023.50","3,023.10","3,026.88","16,415","4,96,86,172.70","5,316","9,313",56.73
PRUDENT,EQ,29-11-2024,"3,023.10","3,049.00","3,059.85","2,956.00","3,031.05","3,044.35","2,995.16","60,034","17,98,11,473.45","9,249","44,091",73.44
PRUDENT,EQ,02-12-2024,"3,044.35","3,040.00","3,098.95","3,003.10","3,028.00","3,037.50","3,060.83","27,988","8,56,66,413.90","9,970","14,102",50.39
PRUDENT,EQ,03-12-2024,"3,037.50","3,070.00","3,089.70","2,969.95","3,000.00","3,003.45","3,003.40","34,140","10,25,36,004.05","8,761","20,068",58.78
PRUDENT,EQ,04-12-2024,"3,003.45","3,003.45","3,047.05","2,982.00","2,995.50","3,013.80","3,016.15","68,182","20,56,47,075.05","8,351","54,503",79.94
PRUDENT,EQ,05-12-2024,"3,013.80","3,015.00","3,045.00","2,940.50","2,955.00","2,950.25","2,977.52","47,314","14,08,78,201.10","10,339","27,089",57.25
PRUDENT,EQ,06-12-2024,"2,950.25","2,955.00","2,997.15","2,920.50","2,976.00","2,979.30","2,967.45","29,536","8,76,46,691.80","6,007","11,209",37.95
PRUDENT,EQ,09-12-2024,"2,979.30","2,979.30","3,010.95","2,955.15","2,975.05","2,980.10","2,987.53","20,426","6,10,23,280.35","5,774","12,454",60.97
PRUDENT,EQ,10-12-2024,"2,980.10","3,014.60","3,023.95","2,943.40","3,020.00","3,015.15","2,993.14","16,259","4,86,65,461.35","4,932","8,809",54.18
PRUDENT,EQ,11-12-2024,"3,015.15","2,990.00","3,039.00","2,989.05","2,999.00","2,996.45","3,000.40","50,733","15,22,19,317.85","4,703","44,608",87.93
PRUDENT,EQ,12-12-2024,"2,996.45","3,028.00","3,028.00","2,899.95","2,968.90","2,962.60","2,954.78","36,116","10,67,14,957.20","9,898","18,099",50.11
PRUDENT,EQ,13-12-2024,"2,962.60","2,950.10","3,003.70","2,918.55","2,980.00","2,976.55","2,970.67","16,523","4,90,84,443.25","5,538","6,901",41.77
PRUDENT,EQ,16-12-2024,"2,976.55","3,020.00","3,020.00","2,918.00","2,999.00","2,996.95","2,994.17","13,700","4,10,20,154.45","3,505","8,657",63.19
PRUDENT,EQ,17-12-2024,"2,996.95","2,989.00","3,010.00","2,927.00","3,000.00","2,970.00","2,961.22","19,841","5,87,53,568.45","6,543","10,530",53.07
PRUDENT,EQ,18-12-2024,"2,970.00","3,000.00","3,000.00","2,926.00","2,965.00","2,981.00","2,961.64","15,272","4,52,30,115.40","4,274","7,477",48.96
PRUDENT,EQ,19-12-2024,"2,981.00","2,979.95","2,986.25","2,904.70","2,976.05","2,980.20","2,964.17","15,969","4,73,34,846.00","6,740","9,283",58.13
PRUDENT,EQ,20-12-2024,"2,980.20","2,952.15","2,989.00","2,822.55","2,841.00","2,846.90","2,893.00","23,417","6,77,45,290.00","6,102","11,917",50.89
PRUDENT,EQ,23-12-2024,"2,846.90","2,899.95","2,900.00","2,731.55","2,740.00","2,742.20","2,768.00","29,831","8,25,72,112.35","10,122","14,551",48.78
PRUDENT,EQ,24-12-2024,"2,742.20","2,738.00","3,042.50","2,738.00","2,917.50","2,961.15","2,937.42","83,121","24,41,61,621.50","15,456","30,023",36.12
PRUDENT,EQ,26-12-2024,"2,961.15","2,940.05","2,940.05","2,799.05","2,830.00","2,823.45","2,859.66","31,544","9,02,05,007.65","8,397","10,916",34.61
PRUDENT,EQ,27-12-2024,"2,823.45","2,864.00","2,900.95","2,830.00","2,850.00","2,848.25","2,856.93","15,442","4,41,16,656.30","4,533","8,108",52.51
PRUDENT,EQ,30-12-2024,"2,848.25","2,819.80","2,848.15","2,694.95","2,702.05","2,712.20","2,733.53","50,475","13,79,74,674.40","11,526","27,981",55.44
PRUDENT,EQ,31-12-2024,"2,712.20","2,702.20","2,756.95","2,677.00","2,743.45","2,733.15","2,706.04","34,208","9,25,68,199.50","8,058","16,892",49.38
PRUDENT,EQ,01-01-2025,"2,733.15","2,770.00","2,779.00","2,711.30","2,715.00","2,723.85","2,732.04","9,560","2,61,18,265.75","2,700","4,831",50.53
PRUDENT,EQ,02-01-2025,"2,723.85","2,737.50","2,788.85","2,694.60","2,751.00","2,762.45","2,741.34","29,497","8,08,61,171.70","7,551","17,579",59.6
PRUDENT,EQ,03-01-2025,"2,762.45","2,834.00","2,834.00","2,736.10","2,750.00","2,767.35","2,779.40","21,321","5,92,59,638.40","8,457","9,827",46.09
PRUDENT,EQ,06-01-2025,"2,767.35","2,740.05","2,796.40","2,611.95","2,630.00","2,629.10","2,670.08","33,110","8,84,06,262.70","12,465","18,787",56.74
PRUDENT,EQ,07-01-2025,"2,629.10","2,618.10","2,745.50","2,618.10","2,725.80","2,723.55","2,712.37","32,100","8,70,67,221.60","12,263","16,057",50.02
PRUDENT,EQ,08-01-2025,"2,723.55","2,759.00","2,760.00","2,660.00","2,718.80","2,715.15","2,698.48","37,238","10,04,86,170.55","7,877","26,970",72.43
PRUDENT,EQ,09-01-2025,"2,715.15","2,682.05","2,799.00","2,682.05","2,799.00","2,788.35","2,765.42","39,476","10,91,67,701.35","12,617","26,589",67.35
PRUDENT,EQ,10-01-2025,"2,788.35","2,788.15","2,799.00","2,686.40","2,712.00","2,715.35","2,718.30","28,627","7,78,16,861.50","10,824","17,453",60.97
PRUDENT,EQ,13-01-2025,"2,715.35","2,650.05","2,752.30","2,617.65","2,656.55","2,661.35","2,695.55","1,01,763","27,43,07,530.05","30,115","76,120",74.8
PRUDENT,EQ,14-01-2025,"2,661.35","2,654.00","2,734.45","2,595.15","2,734.15","2,709.35","2,690.89","27,816","7,48,49,746.85","8,463","13,403",48.18
PRUDENT,EQ,15-01-2025,"2,709.35","2,709.10","2,767.20","2,663.00","2,697.70","2,696.55","2,707.80","27,478","7,44,05,046.60","10,430","15,676",57.05
PRUDENT,EQ,16-01-2025,"2,696.55","2,744.95","2,837.95","2,710.40","2,807.50","2,799.25","2,780.70","29,148","8,10,51,786.65","11,224","13,327",45.72
PRUDENT,EQ,17-01-2025,"2,799.25","2,844.00","2,859.90","2,751.15","2,762.80","2,768.85","2,790.39","16,481","4,59,88,483.15","6,516","8,964",54.39
PRUDENT,EQ,20-01-2025,"2,768.85","2,751.05","2,874.55","2,707.95","2,845.00","2,851.50","2,835.87","41,228","11,69,17,373.85","8,653","31,179",75.63
PRUDENT,EQ,21-01-2025,"2,851.50","2,898.00","2,898.00","2,726.15","2,740.00","2,743.05","2,795.78","40,858","11,42,29,904.65","13,643","26,160",64.03
PRUDENT,EQ,22-01-2025,"2,743.05","2,743.05","2,744.00","2,645.00","2,665.00","2,681.15","2,685.19","31,191","8,37,53,758.05","13,205","17,977",57.64
PRUDENT,EQ,23-01-2025,"2,681.15","2,665.00","2,725.00","2,648.00","2,725.00","2,693.70","2,692.35","1,35,632","36,51,68,733.05","8,889","1,26,282",93.11
PRUDENT,EQ,24-01-2025,"2,693.70","2,739.00","2,757.90","2,620.90","2,632.00","2,670.10","2,692.62","54,864","14,77,28,005.15","15,891","32,622",59.46
PRUDENT,EQ,27-01-2025,"2,670.10","2,450.00","2,584.65","2,291.00","2,346.00","2,358.15","2,377.39","77,913","18,52,29,638.50","24,882","27,733",35.59
PRUDENT,EQ,28-01-2025,"2,358.15","2,252.00","2,300.00","1,926.10","1,990.00","1,987.85","2,043.36","3,99,012","81,53,26,516.25","58,084","2,06,108",51.65
PRUDENT,EQ,29-01-2025,"1,987.85","2,000.00","2,062.95","1,810.35","1,980.00","1,947.50","1,915.50","3,25,349","62,32,06,263.85","53,604","1,72,372",52.98
PRUDENT,EQ,30-01-2025,"1,947.50","1,999.05","2,049.20","1,985.15","1,989.00","1,989.10","2,008.35","65,010","13,05,62,590.55","18,168","36,426",56.03
PRUDENT,EQ,31-01-2025,"1,989.10","2,019.00","2,056.35","2,014.35","2,026.45","2,032.00","2,034.24","66,549","13,53,76,617.35","19,585","42,847",64.38
PRUDENT,EQ,01-02-2025,"2,032.00","2,080.00","2,080.00","1,978.00","2,005.00","2,015.85","2,034.37","2,08,412","42,39,86,782.80","6,835","1,93,601",92.89
PRUDENT,EQ,03-02-2025,"2,015.85","1,933.15","2,033.40","1,933.15","2,005.05","2,007.80","1,995.22","51,658","10,30,68,860.85","13,547","28,353",54.89
PRUDENT,EQ,04-02-2025,"2,007.80","2,080.00","2,258.00","2,041.85","2,158.95","2,169.65","2,188.45","1,66,104","36,35,10,442.80","31,249","76,050",45.78
PRUDENT,EQ,05-02-2025,"2,169.65","2,142.00","2,378.80","2,142.00","2,355.35","2,356.80","2,271.95","1,40,124","31,83,54,411.40","26,026","82,834",59.11
PRUDENT,EQ,06-02-2025,"2,356.80","2,292.00","2,523.00","2,292.00","2,477.00","2,480.05","2,458.42","1,12,295","27,60,68,157.05","23,480","50,207",44.71
PRUDENT,EQ,07-02-2025,"2,480.05","2,420.00","2,460.00","2,401.50","2,424.95","2,423.65","2,427.63","2,00,112","48,57,97,136.60","14,695","1,75,977",87.94
PRUDENT,EQ,10-02-2025,"2,423.65","2,418.00","2,469.95","2,349.40","2,351.50","2,368.40","2,377.30","34,970","8,31,34,156.40","14,050","16,588",47.43
PRUDENT,EQ,11-02-2025,"2,368.40","2,373.60","2,373.60","2,152.00","2,170.00","2,187.85","2,244.76","53,815","12,08,01,555.60","19,765","24,321",45.19
PRUDENT,EQ,12-02-2025,"2,187.85","2,156.00","2,287.60","2,110.00","2,150.00","2,142.65","2,204.51","1,26,412","27,86,76,715.10","36,313","46,273",36.6
PRUDENT,EQ,13-02-2025,"2,142.65","2,159.00","2,174.50","2,075.15","2,115.05","2,139.10","2,124.10","38,699","8,22,00,703.75","14,071","14,250",36.82
PRUDENT,EQ,14-02-2025,"2,139.10","2,140.00","2,140.00","2,002.00","2,022.30","2,015.05","2,021.24","79,059","15,97,97,237.75","27,229","36,238",45.84
PRUDENT,EQ,17-02-2025,"2,015.05","2,007.00","2,198.00","1,995.70","2,012.60","2,009.10","2,051.15","1,50,014","30,77,01,949.40","38,760","66,791",44.52
PRUDENT,EQ,18-02-2025,"2,009.10","2,019.65","2,050.00","1,950.60","2,011.20","2,004.80","1,996.38","46,741","9,33,13,029.45","15,424","18,869",40.37
PRUDENT,EQ,19-02-2025,"2,004.80","2,004.00","2,050.00","1,956.50","2,000.05","1,981.45","1,990.40","90,543","18,02,16,507.80","26,753","45,069",49.78
PRUDENT,EQ,20-02-2025,"1,981.45","1,980.00","2,016.65","1,947.80","1,970.00","1,967.00","1,975.83","76,166","15,04,91,255.00","19,644","47,409",62.24
PRUDENT,EQ,21-02-2025,"1,967.00","1,976.00","2,016.00","1,912.70","1,930.00","1,928.05","1,939.44","55,550","10,77,35,654.65","20,554","23,868",42.97
PRUDENT,EQ,24-02-2025,"1,928.05","1,908.65","1,964.20","1,890.05","1,914.00","1,914.90","1,920.01","56,109","10,77,29,806.55","20,639","29,069",51.81
PRUDENT,EQ,25-02-2025,"1,914.90","1,914.05","1,922.30","1,860.10","1,867.00","1,872.45","1,886.79","1,42,710","26,92,63,104.75","22,895","1,16,356",81.53
PRUDENT,EQ,27-02-2025,"1,872.45","1,913.90","1,913.90","1,742.65","1,746.00","1,759.90","1,792.90","75,137","13,47,13,082.80","28,441","38,147",50.77
PRUDENT,EQ,28-02-2025,"1,759.90","1,741.70","1,759.90","1,635.70","1,650.00","1,654.65","1,667.02","3,78,615","63,11,58,846.55","50,014","2,48,582",65.66
PRUDENT,EQ,03-03-2025,"1,654.65","1,641.20","1,682.95","1,570.00","1,614.00","1,618.80","1,614.48","1,66,428","26,86,94,859.40","34,939","99,151",59.58
PRUDENT,EQ,04-03-2025,"1,618.80","1,614.00","1,728.90","1,604.15","1,689.90","1,673.35","1,681.33","1,22,407","20,58,06,445.10","34,406","70,158",57.32
PRUDENT,EQ,05-03-2025,"1,673.35","1,658.00","1,776.55","1,645.00","1,769.00","1,762.35","1,743.37","85,315","14,87,35,679.80","26,136","33,792",39.61
PRUDENT,EQ,06-03-2025,"1,762.35","1,788.20","1,922.00","1,770.60","1,870.55","1,892.15","1,876.90","1,29,431","24,29,28,656.55","34,264","43,383",33.52
PRUDENT,EQ,07-03-2025,"1,892.15","1,870.00","2,019.05","1,854.05","1,972.50","1,973.85","1,964.10","1,25,788","24,70,59,640.75","28,796","56,557",44.96
PRUDENT,EQ,10-03-2025,"1,973.85","2,003.45","2,029.95","1,907.60","1,935.00","1,925.45","1,978.51","75,914","15,01,96,374.25","18,007","32,478",42.78
PRUDENT,EQ,11-03-2025,"1,925.45","1,920.75","1,920.75","1,830.35","1,868.00","1,869.10","1,877.36","48,639","9,13,13,025.15","14,339","14,555",29.92
PRUDENT,EQ,12-03-2025,"1,869.10","1,890.95","1,970.00","1,845.00","1,922.50","1,956.85","1,911.66","60,171","11,50,26,657.60","14,851","19,923",33.11
PRUDENT,EQ,13-03-2025,"1,956.85","1,937.30","2,016.00","1,901.10","1,975.00","1,977.85","1,981.14","96,129","19,04,44,896.20","26,101","45,339",47.16
PRUDENT,EQ,17-03-2025,"1,977.85","1,977.85","2,135.75","1,956.70","2,017.00","1,999.40","2,070.62","1,83,933","38,08,55,223.80","40,789","38,626",21.0
PRUDENT,EQ,18-03-2025,"1,999.40","2,047.40","2,222.00","2,010.25","2,171.00","2,173.75","2,133.94","1,85,008","39,47,96,054.15","35,675","57,537",31.1
PRUDENT,EQ,19-03-2025,"2,173.75","2,199.00","2,248.80","2,073.50","2,210.00","2,214.60","2,164.44","1,59,720","34,57,05,087.05","37,644","61,585",38.56
PRUDENT,EQ,20-03-2025,"2,214.60","2,215.10","2,258.50","2,140.60","2,222.00","2,224.25","2,217.56","3,18,425","70,61,26,791.85","23,838","2,33,207",73.24
PRUDENT,EQ,21-03-2025,"2,224.25","2,222.10","2,382.90","2,209.50","2,339.80","2,323.55","2,320.60","9,89,039","2,29,51,63,355.95","80,513","6,67,424",67.48
PRUDENT,EQ,24-03-2025,"2,323.55","2,349.75","2,462.00","2,341.95","2,419.80","2,430.00","2,406.09","1,23,436","29,69,97,608.40","22,261","55,533",44.99
PRUDENT,EQ,25-03-2025,"2,430.00","2,430.00","2,459.15","2,345.00","2,345.00","2,361.80","2,394.81","2,28,793","54,79,16,090.45","20,430","1,70,439",74.49
PRUDENT,EQ,26-03-2025,"2,361.80","2,349.75","2,351.25","2,205.60","2,250.00","2,249.05","2,260.43","53,725","12,14,41,576.90","7,088","27,383",50.97
PRUDENT,EQ,27-03-2025,"2,249.05","2,253.05","2,405.00","2,216.30","2,350.00","2,325.55","2,285.22","2,61,617","59,78,52,353.80","7,396","2,28,852",87.48
PRUDENT,EQ,28-03-2025,"2,325.55","2,355.55","2,438.45","2,305.00","2,338.25","2,336.55","2,353.84","32,149","7,56,73,573.45","6,507","10,142",31.55
PRUDENT,EQ,01-04-2025,"2,336.55","2,336.00","2,336.00","2,180.70","2,201.10","2,218.10","2,231.57","46,665","10,41,36,299.10","8,814","21,202",45.43
PRUDENT,EQ,02-04-2025,"2,218.10","2,195.00","2,230.00","2,090.00","2,164.00","2,173.80","2,158.25","39,423","8,50,84,811.40","6,275","18,317",46.46
PRUDENT,EQ,03-04-2025,"2,173.80","2,125.10","2,181.05","2,122.55","2,130.00","2,132.95","2,146.60","22,738","4,88,09,468.10","3,146","11,641",51.2
PRUDENT,EQ,04-04-2025,"2,132.95","2,169.95","2,169.95","2,072.75","2,100.40","2,100.15","2,098.29","25,408","5,33,13,438.70","3,161","15,149",59.62
PRUDENT,EQ,07-04-2025,"2,100.15","1,750.05","2,005.60","1,750.05","1,997.00","1,971.55","1,961.36","36,761","7,21,01,724.75","4,926","20,500",55.77
PRUDENT,EQ,08-04-2025,"1,971.55","2,054.00","2,100.00","1,980.00","1,995.25","2,008.70","2,018.33","35,036","7,07,14,303.50","6,005","16,048",45.8
PRUDENT,EQ,09-04-2025,"2,008.70","2,029.95","2,119.95","1,986.45","2,081.00","2,067.15","2,025.16","91,105","18,45,01,812.85","9,683","72,941",80.06
PRUDENT,EQ,11-04-2025,"2,067.15","2,091.05","2,287.95","2,091.05","2,245.90","2,259.95","2,219.10","1,08,771","24,13,73,388.20","14,067","72,271",66.44
PRUDENT,EQ,15-04-2025,"2,259.95","2,260.10","2,319.90","2,200.00","2,214.90","2,223.20","2,233.30","57,794","12,90,71,582.20","6,635","30,449",52.69
PRUDENT,EQ,16-04-2025,"2,223.20","2,254.70","2,350.00","2,210.00","2,341.00","2,335.70","2,303.06","45,000","10,36,37,533.10","6,199","25,704",57.12
PRUDENT,EQ,17-04-2025,"2,335.70","2,315.00","2,440.00","2,312.90","2,350.30","2,336.80","2,349.58","1,68,537","39,59,91,997.40","7,945","1,47,649",87.61
PRUDENT,EQ,21-04-2025,"2,336.80","2,340.00","2,415.00","2,294.50","2,412.00","2,393.30","2,354.98","33,619","7,91,71,934.50","4,888","16,764",49.86
PRUDENT,EQ,22-04-2025,"2,393.30","2,412.00","2,449.00","2,365.00","2,393.30","2,385.60","2,391.06","39,509","9,44,68,529.20","4,066","18,903",47.84
PRUDENT,EQ,23-04-2025,"2,385.60","2,398.00","2,500.00","2,392.10","2,494.00","2,472.30","2,441.60","45,600","11,13,36,805.00","9,676","20,525",45.01
PRUDENT,EQ,24-04-2025,"2,472.30","2,500.00","2,567.60","2,443.20","2,485.00","2,471.30","2,522.37","56,213","14,17,89,727.50","13,455","17,062",30.35
PRUDENT,EQ,25-04-2025,"2,471.30","2,475.00","2,489.90","2,270.00","2,328.00","2,316.60","2,332.30","63,473","14,80,38,172.80","16,019","22,499",35.45
PRUDENT,EQ,28-04-2025,"2,316.60","2,327.90","2,385.00","2,296.10","2,363.00","2,355.40","2,334.75","26,124","6,09,92,981.90","6,577","9,390",35.94
PRUDENT,EQ,29-04-2025,"2,355.40","2,359.90","2,394.00","2,299.80","2,330.00","2,307.30","2,340.62","19,413","4,54,38,526.60","5,264","8,245",42.47
PRUDENT,EQ,30-04-2025,"2,307.30","2,329.00","2,329.00","2,197.10","2,205.50","2,215.30","2,240.80","37,644","8,43,52,835.10","8,861","20,290",53.9
PRUDENT,EQ,02-05-2025,"2,215.30","2,202.00","2,281.70","2,202.00","2,243.30","2,267.90","2,248.09","23,468","5,27,58,065.60","6,207","8,187",34.89
PRUDENT,EQ,05-05-2025,"2,267.90","2,064.00","2,350.00","2,064.00","2,312.00","2,326.80","2,289.47","35,202","8,05,93,775.00","8,954","10,922",31.03
PRUDENT,EQ,06-05-2025,"2,326.80","2,322.00","2,333.40","2,198.10","2,224.00","2,210.90","2,258.50","21,396","4,83,22,762.30","5,601","10,436",48.78
PRUDENT,EQ,07-05-2025,"2,210.90","2,151.00","2,245.90","2,151.00","2,227.80","2,225.20","2,209.99","19,306","4,26,65,975.60","5,160","6,794",35.19
PRUDENT,EQ,08-05-2025,"2,225.20","2,258.60","2,310.00","2,198.10","2,207.50","2,206.80","2,261.32","16,231","3,67,03,509.60","5,214","6,061",37.34
PRUDENT,EQ,09-05-2025,"2,206.80","2,173.70","2,240.00","2,133.50","2,240.00","2,227.50","2,180.19","14,990","3,26,81,048.80","6,108","6,607",44.08
PRUDENT,EQ,12-05-2025,"2,227.50","2,380.00","2,380.00","2,290.20","2,355.00","2,345.90","2,334.83","33,882","7,91,08,613.50","9,523","16,073",47.44
PRUDENT,EQ,13-05-2025,"2,345.90","2,349.00","2,470.00","2,321.00","2,440.00","2,436.90","2,421.61","87,534","21,19,73,407.40","15,952","41,481",47.39
PRUDENT,EQ,14-05-2025,"2,436.90","2,440.00","2,450.00","2,391.60","2,419.00","2,432.20","2,419.81","28,466","6,88,82,216.70","7,023","14,083",49.47
PRUDENT,EQ,15-05-2025,"2,432.20","2,444.00","2,445.20","2,385.30","2,407.00","2,414.90","2,414.60","26,522","6,40,39,901.40","4,041","16,744",63.13
PRUDENT,EQ,16-05-2025,"2,414.90","2,419.60","2,558.50","2,417.90","2,534.00","2,531.60","2,490.31","40,405","10,06,20,872.20","8,935","17,338",42.91
PRUDENT,EQ,19-05-2025,"2,531.60","2,569.60","2,645.60","2,510.00","2,628.00","2,634.20","2,612.85","40,932","10,69,49,282.30","10,279","17,179",41.97
PRUDENT,EQ,20-05-2025,"2,634.20","2,634.20","2,673.70","2,563.90","2,595.00","2,598.70","2,610.91","21,682","5,66,09,844.30","6,344","10,167",46.89
PRUDENT,EQ,21-05-2025,"2,598.70","2,598.70","2,643.60","2,546.40","2,599.00","2,604.50","2,601.98","27,665","7,19,83,764.80","9,940","12,293",44.44
PRUDENT,EQ,22-05-2025,"2,604.50","2,616.90","2,630.40","2,520.10","2,555.00","2,543.60","2,540.28","68,535","17,40,97,773.80","7,409","57,943",84.55
PRUDENT,EQ,23-05-2025,"2,543.60","2,569.00","2,595.60","2,456.20","2,575.00","2,570.30","2,528.49","30,801","7,78,79,886.40","8,534","13,427",43.59
PRUDENT,EQ,26-05-2025,"2,570.30","2,600.00","2,630.20","2,564.20","2,624.70","2,618.50","2,603.70","13,004","3,38,58,516.20","3,621","5,358",41.2
PRUDENT,EQ,27-05-2025,"2,618.50","2,579.20","2,710.00","2,579.20","2,685.30","2,672.80","2,670.29","31,397","8,38,39,078.50","7,799","12,111",38.57
PRUDENT,EQ,28-05-2025,"2,672.80","2,700.00","2,725.00","2,672.90","2,715.60","2,710.70","2,699.82","16,283","4,39,61,117.30","3,772","7,506",46.1
PRUDENT,EQ,29-05-2025,"2,710.70","2,730.00","2,849.70","2,726.20","2,782.80","2,766.20","2,770.88","38,526","10,67,51,080.10","10,752","14,469",37.56
PRUDENT,EQ,30-05-2025,"2,766.20","2,793.00","3,001.20","2,786.10","2,974.00","2,952.70","2,892.46","55,924","16,17,58,003.40","11,267","23,562",42.13
PRUDENT,EQ,02-06-2025,"2,952.70","2,975.00","3,030.00","2,901.00","2,934.00","2,929.10","2,951.83","52,823","15,59,24,677.30","12,093","20,709",39.2
PRUDENT,EQ,03-06-2025,"2,929.10","2,929.20","2,971.30","2,820.00","2,853.00","2,845.80","2,882.67","31,868","9,18,64,997.10","7,656","15,235",47.81
PRUDENT,EQ,04-06-2025,"2,845.80","2,874.30","2,874.30","2,770.60","2,832.00","2,822.80","2,817.40","22,632","6,37,63,292.10","7,479","10,165",44.91
PRUDENT,EQ,05-06-2025,"2,822.80","2,822.00","2,920.00","2,785.00","2,900.00","2,889.40","2,856.51","38,570","11,01,75,488.20","8,772","13,534",35.09
PRUDENT,EQ,06-06-2025,"2,889.40","2,905.00","2,925.00","2,822.80","2,853.00","2,855.10","2,861.92","24,372","6,97,50,781.40","5,734","11,224",46.05
PRUDENT,EQ,09-06-2025,"2,855.10","2,869.20","2,949.80","2,860.60","2,914.00","2,911.10","2,897.58","24,154","6,99,88,061.20","6,676","10,568",43.75
PRUDENT,EQ,10-06-2025,"2,911.10","2,964.20","2,964.20","2,865.00","2,882.00","2,902.10","2,902.97","18,945","5,49,96,858.10","5,214","7,151",37.75
PRUDENT,EQ,11-06-2025,"2,902.10","2,880.00","2,916.70","2,870.00","2,876.60","2,891.10","2,888.04","16,144","4,66,24,523.00","6,510","8,351",51.73
PRUDENT,EQ,12-06-2025,"2,891.10","2,899.00","2,899.00","2,780.10","2,790.00","2,805.50","2,825.44","17,086","4,82,75,389.50","5,715","7,851",45.95
PRUDENT,EQ,13-06-2025,"2,805.50","2,800.00","2,869.80","2,655.50","2,850.30","2,843.00","2,812.03","28,355","7,97,34,998.80","8,159","9,035",31.86
PRUDENT,EQ,16-06-2025,"2,843.00","2,843.00","2,843.00","2,753.10","2,805.00","2,805.50","2,798.84","17,321","4,84,78,623.50","5,260","7,176",41.43
PRUDENT,EQ,17-06-2025,"2,805.50","2,819.50","2,829.90","2,780.00","2,800.00","2,812.00","2,805.91","51,639","14,48,94,642.80","5,810","44,696",86.55
PRUDENT,EQ,18-06-2025,"2,812.00","2,810.00","2,810.00","2,715.40","2,730.00","2,730.80","2,747.63","21,043","5,78,18,381.60","6,879","9,496",45.13
PRUDENT,EQ,19-06-2025,"2,730.80","2,731.90","2,757.90","2,605.50","2,702.00","2,724.60","2,690.77","32,683","8,79,42,405.70","8,880","14,836",45.39
PRUDENT,EQ,20-06-2025,"2,724.60","2,724.20","2,724.20","2,650.60","2,669.00","2,670.40","2,679.75","71,624","19,19,34,714.10","20,786","44,843",62.61
PRUDENT,EQ,23-06-2025,"2,670.40","2,645.10","2,724.00","2,635.70","2,700.00","2,698.20","2,697.28","36,886","9,94,91,863.20","7,808","22,470",60.92
PRUDENT,EQ,24-06-2025,"2,698.20","2,700.80","2,745.80","2,651.00","2,668.30","2,678.90","2,685.57","27,481","7,38,02,023.80","7,285","13,244",48.19
PRUDENT,EQ,25-06-2025,"2,678.90","2,680.00","2,744.00","2,646.10","2,701.00","2,710.20","2,696.64","52,151","14,06,32,361.00","10,470","34,504",66.16
PRUDENT,EQ,26-06-2025,"2,710.20","2,701.80","2,720.80","2,666.00","2,677.00","2,677.70","2,684.64","11,333","3,04,24,972.80","2,978","6,224",54.92
PRUDENT,EQ,27-06-2025,"2,677.70","2,705.00","2,713.20","2,670.00","2,700.00","2,691.60","2,695.61","12,877","3,47,11,312.40","3,543","6,337",49.21
PRUDENT,EQ,30-06-2025,"2,691.60","2,692.00","2,748.00","2,692.00","2,719.00","2,709.20","2,719.86","21,965","5,97,41,710.60","6,070","13,371",60.87
PRUDENT,EQ,01-07-2025,"2,709.20","2,736.00","2,736.00","2,581.90","2,617.90","2,607.90","2,626.18","41,632","10,93,33,234.80","9,008","22,025",52.9
PRUDENT,EQ,02-07-2025,"2,607.90","2,627.50","2,652.00","2,572.50","2,591.60","2,589.30","2,593.38","25,154","6,52,33,788.60","5,241","14,985",59.57
PRUDENT,EQ,03-07-2025,"2,589.30","2,599.90","2,693.90","2,550.00","2,685.00","2,682.40","2,642.25","46,818","12,37,04,751.90","9,417","21,073",45.01
PRUDENT,EQ,04-07-2025,"2,682.40","2,714.00","2,770.00","2,643.00","2,657.00","2,658.20","2,711.26","42,463","11,51,28,159.10","9,740","12,683",29.87
PRUDENT,EQ,07-07-2025,"2,658.20","2,662.20","2,699.00","2,606.40","2,670.00","2,672.50","2,650.55","40,236","10,66,47,697.30","4,120","28,774",71.51
PRUDENT,EQ,08-07-2025,"2,672.50","2,698.00","2,702.00","2,616.20","2,648.00","2,648.10","2,647.42","11,672","3,09,00,662.00","3,814","5,200",44.55
PRUDENT,EQ,09-07-2025,"2,648.10","2,654.90","2,720.00","2,647.80","2,692.50","2,710.40","2,696.65","16,898","4,55,67,941.10","3,710","8,316",49.21
PRUDENT,EQ,10-07-2025,"2,710.40","2,690.00","2,719.90","2,658.10","2,686.00","2,694.40","2,696.96","11,365","3,06,50,970.00","3,232","5,886",51.79
PRUDENT,EQ,11-07-2025,"2,694.40","2,688.00","2,725.00","2,625.00","2,625.50","2,640.40","2,660.89","12,116","3,22,39,334.60","4,035","5,727",47.27
PRUDENT,EQ,14-07-2025,"2,640.40","2,630.00","2,709.30","2,611.10","2,707.80","2,699.90","2,683.04","12,644","3,39,24,378.30","3,527","6,994",55.31
PRUDENT,EQ,15-07-2025,"2,699.90","2,699.90","2,770.00","2,695.10","2,742.00","2,740.60","2,737.64","29,114","7,97,03,568.00","8,411","16,633",57.13
PRUDENT,EQ,16-07-2025,"2,740.60","2,760.00","2,821.70","2,712.40","2,762.50","2,777.70","2,745.16","59,788","16,41,27,333.60","6,361","42,778",71.55
PRUDENT,EQ,17-07-2025,"2,777.70","2,777.70","2,920.10","2,777.70","2,905.00","2,903.70","2,885.79","82,738","23,87,64,830.40","16,468","29,699",35.9
PRUDENT,EQ,18-07-2025,"2,903.70","2,934.50","2,998.00","2,903.00","2,967.00","2,984.40","2,956.04","83,601","24,71,27,681.30","16,712","38,121",45.6
PRUDENT,EQ,21-07-2025,"2,984.40","2,984.50","3,016.00","2,944.90","2,996.00","3,005.80","2,993.71","31,633","9,47,00,053.30","8,152","16,745",52.94
PRUDENT,EQ,22-07-2025,"3,005.80","3,005.90","3,021.50","2,981.00","3,003.00","3,002.60","3,004.66","21,962","6,59,88,254.30","5,497","12,948",58.96
PRUDENT,EQ,23-07-2025,"3,002.60","3,005.00","3,010.00","2,944.20","2,979.40","2,974.40","2,978.60","16,796","5,00,28,504.30","5,194","8,418",50.12
PRUDENT,EQ,24-07-2025,"2,974.40","2,974.30","3,000.00","2,955.90","2,979.50","2,978.70","2,979.74","15,410","4,59,17,840.60","4,003","9,574",62.13
PRUDENT,EQ,25-07-2025,2978.7,2935.0,2994.7,2875.0,2916.0,2896.2,2916.93,83537,2436.72,8756, 68131,81.56
PRUDENT,EQ,28-07-2025,2896.2,2896.3,2968.0,2886.1,2920.0,2920.8,2926.9,27035,791.29,7123, 14247,52.7
PRUDENT,EQ,29-07-2025,2920.8,2939.0,3014.0,2894.3,3005.0,3004.0,2959.28,17763,525.66,4920, 8861,49.88
PRUDENT,EQ,30-07-2025,3004.0,2981.5,3080.0,2960.0,3060.0,3063.1,3029.12,30820,933.57,7542, 17001,55.16
PRUDENT,EQ,31-07-2025,3063.1,2999.9,3098.0,2882.2,2931.9,2921.7,2971.97,62825,1867.14,14626, 33085,52.66
PRUDENT,EQ,01-08-2025,2921.7,2934.9,2934.9,2630.0,2652.0,2669.1,2745.08,92956,2551.72,18208, 35813,38.53
PRUDENT,EQ,04-08-2025,2669.1,2659.0,2669.4,2580.1,2599.0,2601.3,2608.99,36817,960.55,7955, 22072,59.95
PRUDENT,EQ,05-08-2025,2601.3,2600.0,2620.0,2510.1,2525.1,2528.0,2557.41,36155,924.63,13149, 18037,49.89
PRUDENT,EQ,06-08-2025,2528.0,2515.0,2668.0,2492.7,2652.2,2626.9,2587.86,35917,929.48,7693, 15919,44.32
PRUDENT,EQ,07-08-2025,2626.9,2640.0,2739.9,2605.4,2715.0,2721.9,2690.19,43095,1159.34,12502, 18807,43.64
PRUDENT,EQ,08-08-2025,2721.9,2737.0,2739.7,2613.0,2613.0,2638.6,2659.43,14199,377.61,3980, 6646,46.81
PRUDENT,EQ,11-08-2025,2638.6,2635.2,2659.8,2584.2,2650.0,2650.6,2626.07,16312,428.36,5277, 6382,39.12
PRUDENT,EQ,12-08-2025,2650.6,2670.0,2698.0,2613.3,2620.0,2623.7,2650.86,19793,524.68,5837, 8966,45.3
PRUDENT,EQ,13-08-2025,2623.7,2629.8,2719.9,2614.5,2700.0,2702.3,2681.06,15303,410.28,4265, 7100,46.4
PRUDENT,EQ,14-08-2025,2702.3,2705.0,2708.0,2656.0,2675.0,2670.9,2682.18,7865,210.95,2885, 3100,39.42
PRUDENT,EQ,18-08-2025,2670.9,2700.0,2849.9,2690.0,2822.5,2836.0,2785.18,46055,1282.71,10462, 16696,36.25
PRUDENT,EQ,19-08-2025,2836.0,2850.0,2860.9,2770.4,2788.0,2785.2,2805.71,15341,430.42,4671, 6144,40.05
PRUDENT,EQ,20-08-2025,2785.2,2771.2,2853.3,2771.2,2831.7,2830.1,2819.22,17402,490.6,5958, 7300,41.95
PRUDENT,EQ,21-08-2025,2830.1,2850.0,2882.0,2790.3,2831.2,2847.5,2844.48,24235,689.36,6288, 11987,49.46
PRUDENT,EQ,22-08-2025,2847.5,2841.0,2925.0,2810.0,2900.4,2892.0,2893.34,24602,711.82,7061, 11537,46.89
PRUDENT,EQ,25-08-2025,2892.0,2906.5,2947.9,2880.0,2899.9,2899.2,2907.64,21894,636.6,6447, 11073,50.58
PRUDENT,EQ,26-08-2025,2899.2,2899.2,2903.9,2816.2,2818.0,2838.4,2843.7,27568,783.95,7277, 15441,56.01
PRUDENT,EQ,28-08-2025,2838.4,2807.0,2844.0,2749.5,2821.0,2834.0,2795.17,14580,407.54,5815, 7253,49.75
PRUDENT,EQ,29-08-2025,2834.0,2830.0,2847.7,2769.3,2800.0,2803.0,2799.5,9948,278.49,3050, 3924,39.45
PRUDENT,EQ,01-09-2025,2803.0,2805.0,2845.4,2741.4,2753.0,2746.9,2768.05,20171,558.34,7585, 8700,43.13
PRUDENT,EQ,02-09-2025,2746.9,2746.9,2773.1,2720.8,2735.0,2740.9,2750.71,9781,269.05,2744, 4422,45.21
PRUDENT,EQ,03-09-2025,2740.9,2715.2,2794.3,2715.2,2780.0,2781.4,2770.94,7656,212.14,2618, 4264,55.69
PRUDENT,EQ,04-09-2025,2781.4,2785.0,2819.9,2750.0,2752.0,2752.0,2762.76,7670,211.9,2174, 4272,55.7
PRUDENT,EQ,05-09-2025,2752.0,2770.0,2770.0,2695.1,2700.0,2705.4,2724.59,9748,265.59,2704, 5103,52.35
PRUDENT,EQ,08-09-2025,2705.4,2705.4,2870.4,2692.1,2795.0,2834.2,2805.92,28965,812.73,6818, 9072,31.32
PRUDENT,EQ,09-09-2025,2834.2,2835.0,2842.0,2781.0,2816.0,2817.9,2814.87,13511,380.32,4615, 5716,42.31
PRUDENT,EQ,10-09-2025,2817.9,2818.1,2957.1,2818.1,2921.8,2917.1,2920.11,37653,1099.51,10258, 14308,38.0
PRUDENT,EQ,11-09-2025,2917.1,2917.1,2922.5,2830.1,2832.0,2838.2,2865.77,12091,346.5,3337, 6644,54.95
PRUDENT,EQ,12-09-2025,2838.2,2866.6,2866.6,2776.8,2808.9,2806.8,2808.88,12991,364.9,2813, 5435,41.84
PRUDENT,EQ,15-09-2025,2806.8,2809.0,2990.0,2800.0,2940.9,2929.4,2924.44,37852,1106.96,7053, 12170,32.15
PRUDENT,EQ,16-09-2025,2929.4,2929.4,3014.0,2897.1,2992.5,2994.8,2975.76,31856,947.96,6127, 15167,47.61
PRUDENT,EQ,17-09-2025,2994.8,2994.8,3070.0,2934.2,2956.1,2954.0,2992.7,24141,722.47,5725, 12787,52.97
PRUDENT,EQ,18-09-2025,2954.0,2960.0,3030.0,2890.0,2920.0,2902.7,2915.62,10835,315.91,3582, 5079,46.88
PRUDENT,EQ,19-09-2025,2902.7,2890.0,2993.0,2860.0,2982.7,2963.3,2957.01,20389,602.9,4730, 9826,48.19
PRUDENT,EQ,22-09-2025,2963.3,2940.0,2993.0,2860.1,2900.0,2884.7,2901.42,25074,727.5,6389, 14245,56.81
PRUDENT,EQ,23-09-2025,2884.7,2865.0,2912.9,2785.1,2804.4,2802.6,2824.77,28461,803.96,9723, 15542,54.61
PRUDENT,EQ,24-09-2025,2802.6,2815.0,2853.4,2765.0,2768.0,2774.4,2802.0,17904,501.67,7228, 10480,58.53
PRUDENT,EQ,25-09-2025,2774.4,2774.0,2898.8,2633.5,2725.0,2739.6,2738.61,63451,1737.67,11796, 27029,42.6
PRUDENT,EQ,26-09-2025,2739.6,2705.3,2748.0,2541.7,2551.1,2552.8,2606.05,270867,7058.93,25103, 201278,74.31
PRUDENT,EQ,29-09-2025,2552.8,2581.0,2593.0,2512.9,2530.0,2546.3,2556.33,38147,975.16,11823, 17321,45.41
PRUDENT,EQ,30-09-2025,2546.3,2531.0,2589.8,2531.0,2571.6,2578.6,2568.97,23687,608.51,4422, 14285,60.31
PRUDENT,EQ,01-10-2025,2578.6,2600.0,2650.0,2577.0,2646.9,2641.0,2629.43,13939,366.52,3664, 6765,48.53
PRUDENT,EQ,03-10-2025,2641.0,2644.9,2688.2,2632.5,2640.0,2645.4,2659.53,19415,516.35,4570, 9800,50.48
PRUDENT,EQ,06-10-2025,2645.4,2640.0,2694.9,2625.0,2635.0,2631.9,2649.69,13178,349.18,3791, 4484,34.03
PRUDENT,EQ,07-10-2025,2631.9,2631.5,2658.7,2612.0,2620.0,2618.3,2630.72,7257,190.91,1830, 3864,53.25
PRUDENT,EQ,08-10-2025,2618.3,2600.0,2694.5,2600.0,2671.2,2658.6,2643.69,18907,499.84,4296, 9013,47.67
PRUDENT,EQ,09-10-2025,2658.6,2659.8,2670.9,2611.2,2621.3,2621.5,2629.34,18149,477.2,4498, 4624,25.48
PRUDENT,EQ,10-10-2025,2621.5,2612.0,2710.0,2611.1,2676.0,2692.4,2679.54,17449,467.55,3513, 9676,55.45
PRUDENT,EQ,13-10-2025,2692.4,2676.0,2729.5,2625.5,2636.1,2635.8,2664.91,23392,623.38,6416, 9905,42.34
PRUDENT,EQ,14-10-2025,2635.8,2662.0,2664.7,2591.6,2601.0,2606.1,2613.84,53759,1405.17,4583, 44119,82.07
PRUDENT,EQ,15-10-2025,2606.1,2601.0,2683.9,2601.0,2672.5,2672.5,2663.23,15068,401.29,4824, 7115,47.22
PRUDENT,EQ,16-10-2025,2672.5,2672.4,2737.0,2659.6,2689.2,2677.4,2697.98,32144,867.24,4647, 20340,63.28
PRUDENT,EQ,17-10-2025,2677.4,2677.4,2705.0,2646.1,2665.0,2664.0,2675.8,8926,238.84,2876, 4155,46.55
PRUDENT,EQ,20-10-2025,2664.0,2641.6,2695.0,2625.0,2655.0,2655.7,2654.17,143637,3812.38,5911, 125231,87.19
PRUDENT,EQ,21-10-2025,2655.7,2656.0,2700.0,2656.0,2693.9,2684.5,2683.84,4597,123.38,769, 2647,57.58
PRUDENT,EQ,23-10-2025,2684.5,2684.5,2800.0,2682.0,2776.8,2783.8,2771.43,31596,875.66,6221, 16819,53.23
PRUDENT,EQ,24-10-2025,2783.8,2788.0,2802.8,2694.1,2750.0,2729.1,2730.56,20845,569.19,4567, 10830,51.95
PRUDENT,EQ,27-10-2025,2729.1,2729.1,2762.5,2699.9,2701.5,2715.9,2719.7,15267,415.22,5499, 7528,49.31
PRUDENT,EQ,28-10-2025,2715.9,2720.0,2750.0,2695.0,2715.0,2718.3,2719.05,9965,270.95,3198, 5849,58.7
PRUDENT,EQ,29-10-2025,2718.3,2637.0,2658.0,2530.1,2630.0,2633.3,2616.55,61502,1609.23,10318, 29704,48.3
PRUDENT,EQ,30-10-2025,2633.3,2639.9,2650.0,2594.1,2627.2,2628.9,2625.27,34857,915.09,3902, 27632,79.27
PRUDENT,EQ,31-10-2025,2628.9,2628.8,2653.9,2541.9,2564.9,2555.5,2581.8,18649,481.48,5056, 11087,59.45
PRUDENT,EQ,03-11-2025,2555.5,2581.1,2592.5,2532.0,2587.0,2587.9,2563.34,21384,548.14,4865, 10613,49.63
PRUDENT,EQ,04-11-2025,2587.9,2609.8,2609.8,2522.0,2565.0,2562.8,2563.3,83639,2143.92,9430, 65749,78.61
PRUDENT,EQ,06-11-2025,2562.8,2565.0,2601.8,2478.1,2510.0,2491.3,2532.39,78517,1988.36,5219, 65720,83.7
PRUDENT,EQ,07-11-2025,2491.3,2500.0,2693.4,2483.7,2660.0,2635.0,2573.01,70197,1806.17,9355, 40046,57.05
PRUDENT,EQ,10-11-2025,2635.0,2632.0,2656.1,2577.5,2590.0,2596.5,2604.31,16062,418.3,4358, 6595,41.06
PRUDENT,EQ,11-11-2025,2596.5,2585.0,2598.1,2515.0,2523.0,2520.9,2536.32,18115,459.45,4107, 11059,61.05
PRUDENT,EQ,12-11-2025,2520.9,2520.9,2560.9,2485.2,2498.2,2494.7,2516.94,26921,677.59,5843, 13789,51.22
PRUDENT,EQ,13-11-2025,2494.7,2496.0,2526.9,2489.4,2504.8,2510.6,2506.25,16483,413.11,3721, 8719,52.9
PRUDENT,EQ,14-11-2025,2510.6,2500.0,2540.0,2481.6,2540.0,2531.0,2512.53,14951,375.65,3061, 7891,52.78
PRUDENT,EQ,17-11-2025,2531.0,2531.0,2531.0,2473.8,2497.1,2495.0,2507.58,27926,700.27,6044, 17040,61.02
PRUDENT,EQ,18-11-2025,2495.0,2539.0,2539.0,2475.0,2478.0,2484.5,2496.07,17738,442.75,5498, 11448,64.54
PRUDENT,EQ,19-11-2025,2484.5,2460.0,2478.8,2444.7,2478.0,2456.4,2460.17,26280,646.53,5697, 16480,62.71
PRUDENT,EQ,20-11-2025,2456.4,2460.0,2470.1,2450.0,2452.1,2457.3,2462.76,12720,313.26,4015, 7667,60.28
PRUDENT,EQ,21-11-2025,2457.3,2445.0,2458.0,2408.8,2411.7,2429.4,2447.73,57697,1412.27,7168, 50672,87.82
PRUDENT,EQ,24-11-2025,2429.4,2426.0,2568.0,2416.9,2550.2,2523.5,2477.26,48577,1203.38,7741, 34932,71.91
PRUDENT,EQ,25-11-2025,2523.5,2525.0,2532.6,2436.0,2466.7,2474.1,2468.19,92666,2287.17,10006, 71264,76.9
PRUDENT,EQ,26-11-2025,2474.1,2480.1,2549.9,2471.7,2534.0,2537.9,2523.91,22408,565.56,4408, 12426,55.45
PRUDENT,EQ,27-11-2025,2537.9,2534.0,2549.9,2475.1,2478.8,2489.3,2500.93,17847,446.34,3694, 10715,60.04
PRUDENT,EQ,28-11-2025,2489.3,2464.5,2489.9,2449.6,2457.1,2473.2,2474.26,25412,628.76,5848, 16534,65.06
PRUDENT,EQ,01-12-2025,2473.2,2473.2,2475.0,2433.2,2441.0,2450.1,2453.55,44719,1097.2,3887, 37532,83.93
PRUDENT,EQ,02-12-2025,2450.1,2441.0,2468.0,2434.1,2450.0,2448.1,2449.05,13610,333.32,3509, 8446,62.06
PRUDENT,EQ,03-12-2025,2448.1,2454.9,2497.0,2441.0,2466.7,2478.6,2451.76,39010,956.43,2532, 33864,86.81
PRUDENT,EQ,04-12-2025,2478.6,2466.0,2613.0,2464.1,2565.0,2578.6,2555.81,62892,1607.4,8870, 31355,49.86
PRUDENT,EQ,05-12-2025,2578.6,2565.0,2624.0,2523.9,2565.0,2562.4,2561.51,80624,2065.19,3920, 68560,85.04
PRUDENT,EQ,08-12-2025,2562.4,2562.4,2596.7,2500.2,2588.0,2582.6,2557.57,48443,1238.96,14549, 26465,54.63
PRUDENT,EQ,09-12-2025,2582.6,2560.0,2698.0,2520.1,2660.0,2672.2,2576.07,273678,7050.13,10199, 241986,88.42
PRUDENT,EQ,10-12-2025,2672.2,2660.0,2690.5,2592.0,2631.7,2643.8,2625.61,116289,3053.29,5992, 101956,87.67
PRUDENT,EQ,11-12-2025,2643.8,2631.7,2687.8,2616.0,2661.2,2660.9,2637.55,34482,909.48,3071, 28306,82.09
PRUDENT,EQ,12-12-2025,2660.9,2674.2,2688.0,2610.0,2611.2,2617.9,2633.18,12721,334.97,3299, 7683,60.4
PRUDENT,EQ,15-12-2025,2617.9,2622.5,2700.0,2575.0,2683.2,2690.4,2643.73,157018,4151.14,5217, 143252,91.23
PRUDENT,EQ,16-12-2025,2690.4,2683.4,2705.7,2635.0,2695.0,2677.7,2677.34,98525,2637.85,7738, 85170,86.45
PRUDENT,EQ,17-12-2025,2677.7,2685.7,2695.0,2588.0,2614.0,2593.4,2617.89,9373,245.38,2267, 5146,54.9
PRUDENT,EQ,18-12-2025,2593.4,2593.4,2747.9,2593.4,2675.2,2692.1,2660.87,187367,4985.59,21052, 102817,54.87
PRUDENT,EQ,19-12-2025,2692.1,2682.0,2759.0,2678.2,2700.0,2698.0,2722.41,45581,1240.9,11399, 21846,47.93
PRUDENT,EQ,22-12-2025,2698.0,2700.0,2711.0,2627.1,2650.0,2639.4,2663.6,16469,438.67,5615, 8303,50.42
PRUDENT,EQ,23-12-2025,2639.4,2639.4,2703.0,2616.0,2630.0,2628.9,2657.43,22249,591.25,8158, 10515,47.26
PRUDENT,EQ,24-12-2025,2628.9,2653.2,2678.9,2590.0,2594.0,2593.4,2626.89,17280,453.93,5187, 8934,51.7
PRUDENT,EQ,26-12-2025,2593.4,2604.4,2604.4,2550.0,2580.8,2588.5,2580.31,12500,322.54,2991, 6145,49.16
PRUDENT,EQ,29-12-2025,2588.5,2580.8,2590.2,2538.0,2559.2,2555.4,2565.04,27557,706.85,9143, 15293,55.5
PRUDENT,EQ,30-12-2025,2555.4,2542.4,2565.2,2522.0,2552.5,2545.2,2541.48,138667,3524.19,6777, 127166,91.71
PRUDENT,EQ,31-12-2025,2545.2,2570.7,2590.0,2534.4,2549.3,2548.4,2565.16,10852,278.37,2634, 5138,47.35
PRUDENT,EQ,01-01-2026,2548.4,2540.0,2589.4,2540.0,2554.0,2551.6,2565.58,6814,174.82,1689, 3378,49.57
PRUDENT,EQ,02-01-2026,2551.6,2542.0,2625.0,2505.8,2596.7,2594.0,2574.2,31298,805.67,6720, 16128,51.53
PRUDENT,EQ,05-01-2026,2594.0,2599.0,2673.0,2595.7,2670.0,2652.6,2651.55,60700,1609.49,19660, 44574,73.43
PRUDENT,EQ,06-01-2026,2652.6,2680.0,2682.0,2562.0,2580.0,2595.1,2591.85,16073,416.59,4044, 8393,52.22
PRUDENT,EQ,07-01-2026,2595.1,2570.0,2633.4,2556.0,2591.0,2607.8,2600.49,25129,653.48,5659, 12232,48.68
PRUDENT,EQ,08-01-2026,2607.8,2591.0,2604.8,2560.4,2580.0,2588.8,2587.73,10623,274.89,2869, 4217,39.7
PRUDENT,EQ,09-01-2026,2588.8,2556.0,2597.1,2490.0,2501.0,2500.8,2538.17,13006,330.11,5358, 6391,49.14
PRUDENT,EQ,12-01-2026,2500.8,2490.0,2498.7,2415.7,2450.8,2449.1,2447.64,21129,517.16,6004, 10710,50.69
PRUDENT,EQ,13-01-2026,2449.1,2450.9,2475.9,2412.2,2430.2,2428.4,2437.71,11756,286.58,3271, 6655,56.61
PRUDENT,EQ,14-01-2026,2428.4,2448.0,2448.0,2389.3,2400.0,2399.2,2412.47,13184,318.06,2912, 7259,55.06
PRUDENT,EQ,16-01-2026,2399.2,2395.0,2429.2,2330.6,2337.0,2349.4,2371.39,26577,630.24,6904, 15337,57.71
PRUDENT,EQ,19-01-2026,2349.4,2337.0,2358.0,2330.0,2339.1,2349.6,2342.24,27690,648.57,5453, 18552,67.0
PRUDENT,EQ,20-01-2026,2349.6,2349.5,2370.6,2304.8,2350.1,2350.8,2344.08,45631,1069.63,14991, 29631,64.94
PRUDENT,EQ,21-01-2026,2350.8,2346.0,2348.1,2281.1,2315.1,2312.4,2312.27,34187,790.5,8391, 21842,63.89
PRUDENT,EQ,22-01-2026,2312.4,2324.8,2394.0,2280.0,2302.0,2298.5,2312.27,17089,395.14,4372, 8169,47.8
PRUDENT,EQ,23-01-2026,2298.5,2298.7,2319.0,2241.5,2270.1,2262.1,2294.41,17187,394.34,3421, 12598,73.3
PRUDENT,EQ,27-01-2026,2262.1,2286.8,2295.2,2187.5,2269.2,2235.7,2240.66,50362,1128.44,13606, 29522,58.62
PRUDENT,EQ,28-01-2026,2235.7,2239.9,2310.0,2239.9,2280.0,2275.2,2269.34,61071,1385.91,17509, 35719,58.49
PRUDENT,EQ,29-01-2026,2275.2,2300.0,2331.8,2272.0,2309.0,2303.0,2303.9,35646,821.25,10508, 22570,63.32
PRUDENT,EQ,30-01-2026,2303.0,2288.2,2443.9,2286.1,2392.9,2396.9,2392.2,43930,1050.89,11362, 22933,52.2
PRUDENT,EQ,01-02-2026,2396.9,2413.8,2466.0,2352.5,2365.0,2375.3,2405.59,10181,244.91,2676, 3459,33.98
PRUDENT,EQ,02-02-2026,2375.3,2375.2,2394.1,2310.4,2389.2,2373.1,2346.95,20193,473.92,9218, 11187,55.4
PRUDENT,EQ,03-02-2026,2373.1,2428.0,2847.7,2428.0,2530.1,2542.6,2603.99,106049,2761.51,19226, 59468,56.08
PRUDENT,EQ,04-02-2026,2542.6,2542.6,2626.8,2504.6,2580.0,2605.0,2571.16,42893,1102.85,7599, 30595,71.33
PRUDENT,EQ,05-02-2026,2605.0,2599.0,2617.8,2493.5,2530.0,2530.5,2582.0,91223,2355.38,7089, 76731,84.11
PRUDENT,EQ,06-02-2026,2530.5,2558.2,2610.0,2520.1,2560.0,2573.5,2580.5,125110,3228.47,7952, 109037,87.15
PRUDENT,EQ,09-02-2026,2573.5,2579.5,2597.6,2544.1,2579.3,2583.4,2560.8,52086,1333.82,7021, 42934,82.43
PRUDENT,EQ,10-02-2026,2583.4,2590.0,2727.6,2538.9,2725.0,2710.2,2668.35,51222,1366.78,11982, 29678,57.94
PRUDENT,EQ,11-02-2026,2710.2,2710.4,2771.1,2700.6,2758.0,2748.8,2753.76,28204,776.67,5637, 12834,45.5
PRUDENT,EQ,12-02-2026,2748.8,2762.5,2762.5,2637.2,2670.5,2664.8,2675.97,45341,1213.31,8224, 26599,58.66
PRUDENT,EQ,13-02-2026,2664.8,2650.1,2654.1,2613.7,2625.1,2629.6,2634.47,5502,144.95,1768, 2209,40.15
PRUDENT,EQ,16-02-2026,2629.6,2645.0,2645.0,2570.0,2570.0,2608.2,2608.61,44683,1165.61,5725, 41910,93.79
PRUDENT,EQ,17-02-2026,2608.2,2571.9,2647.3,2550.0,2610.0,2626.0,2614.41,11161,291.79,3319, 5287,47.37
PRUDENT,EQ,18-02-2026,2626.0,2605.0,2665.0,2592.1,2656.7,2657.4,2637.66,9769,257.67,3683, 4807,49.21
PRUDENT,EQ,19-02-2026,2657.4,2657.4,2666.5,2552.0,2575.0,2569.4,2588.19,15912,411.83,5707, 9582,60.22
PRUDENT,EQ,20-02-2026,2569.4,2560.2,2605.0,2515.1,2581.0,2595.5,2572.86,26239,675.09,7288, 12521,47.72
PRUDENT,EQ,23-02-2026,2595.5,2594.0,2594.0,2535.4,2562.0,2557.0,2560.39,13207,338.15,4567, 7494,56.74
PRUDENT,EQ,24-02-2026,2557.0,2551.7,2606.3,2520.3,2574.0,2539.1,2558.51,15064,385.41,3778, 8132,53.98
PRUDENT,EQ,25-02-2026,2539.1,2573.9,2574.0,2494.2,2539.0,2539.7,2539.69,39346,999.27,8553, 31557,80.2
PRUDENT,EQ,26-02-2026,2539.7,2521.6,2543.5,2438.4,2474.4,2469.0,2451.68,80399,1971.13,6509, 67745,84.26
PRUDENT,EQ,27-02-2026,2469.0,2451.3,2465.0,2335.6,2355.5,2349.9,2373.29,48715,1156.15,13477, 28352,58.2
PRUDENT,EQ,02-03-2026,2349.9,2299.9,2359.1,2159.3,2309.0,2301.8,2306.7,43906,1012.78,13344, 18725,42.65
PRUDENT,EQ,04-03-2026,2301.8,2239.9,2289.0,2208.1,2230.0,2234.8,2242.82,30235,678.12,11036, 17282,57.16
PRUDENT,EQ,05-03-2026,2234.8,2234.6,2275.1,2198.0,2260.0,2232.4,2218.33,59862,1327.94,9987, 38785,64.79
PRUDENT,EQ,06-03-2026,2232.4,2232.4,2262.9,2221.2,2256.0,2240.2,2241.43,15950,357.51,5869, 10787,67.63
PRUDENT,EQ,09-03-2026,2240.2,2152.0,2198.0,2121.0,2192.0,2181.1,2163.35,31129,673.43,13686, 17028,54.7
PRUDENT,EQ,10-03-2026,2181.1,2213.7,2267.3,2161.7,2240.0,2220.8,2214.93,43925,972.91,9165, 24806,56.47
PRUDENT,EQ,11-03-2026,2220.8,2244.8,2280.0,2198.9,2238.6,2234.7,2226.26,25148,559.86,6851, 14273,56.76
PRUDENT,EQ,12-03-2026,2234.7,2199.0,2310.0,2198.0,2256.5,2273.0,2271.92,30383,690.28,6476, 16864,55.5
PRUDENT,EQ,13-03-2026,2273.0,2235.0,2261.9,2215.4,2218.7,2228.9,2238.33,37563,840.78,9064, 26683, 71.04
