SYMBOL,SERIES,DATE1,PREV_CLOSE,OPEN_PRICE,HIGH_PRICE,LOW_PRICE,LAST_PRICE,CLOSE_PRICE,AVG_PRICE,TTL_TRD_QNTY,TURNOVER_LACS,NO_OF_TRADES,DELIV_QTY,DELIV_PER
SSDL,BE,20-08-2024,160.0,194.0,203.7,186.0,203.7,203.7,196.08,"40,90,159","80,19,79,164.54","22,680",-,-
SSDL,BE,21-08-2024,203.7,210.1,213.88,194.2,198.5,195.09,204.37,"38,12,935","77,92,54,782.22","71,242",-,-
SSDL,BE,22-08-2024,195.09,187.55,194.4,185.33,185.33,185.33,186.27,"7,47,271","13,91,94,264.33","11,532",-,-
SSDL,BE,23-08-2024,185.33,176.06,190.0,176.06,178.55,177.95,179.42,"13,94,763","25,02,43,614.90","19,388",-,-
SSDL,BE,26-08-2024,177.95,177.94,179.0,169.05,169.15,169.25,170.21,"12,68,566","21,59,21,465.76","20,212",-,-
SSDL,BE,27-08-2024,169.25,165.5,175.0,163.0,173.99,172.9,169.9,"5,88,026","9,99,06,260.72","13,029",-,-
SSDL,BE,28-08-2024,172.9,170.9,172.5,165.25,168.0,166.15,168.47,"4,35,816","7,34,23,431.43","8,157",-,-
SSDL,BE,29-08-2024,166.15,168.0,168.1,163.7,164.91,164.75,164.69,"3,63,843","5,99,22,649.30","5,730",-,-
SSDL,BE,30-08-2024,164.75,165.0,166.0,156.51,158.75,158.17,158.46,"9,54,228","15,12,10,121.35","12,306",-,-
SSDL,BE,02-09-2024,158.17,158.16,165.85,151.1,163.78,163.8,157.94,"5,96,382","9,41,90,955.49","10,092",-,-
SSDL,EQ,03-09-2024,163.8,164.5,164.55,156.0,157.35,158.23,159.1,"5,48,311","8,72,34,393.93","8,144","3,05,435",55.70
SSDL,EQ,04-09-2024,158.23,155.56,163.0,154.01,161.11,161.41,159.84,"6,09,365","9,73,97,866.87","7,586","2,98,682",49.02
SSDL,EQ,05-09-2024,161.41,162.1,163.99,159.0,160.97,160.82,161.34,"7,16,851","11,56,53,972.41","7,463","1,93,860",27.04
SSDL,EQ,06-09-2024,160.82,160.15,162.5,155.5,156.8,156.47,158.78,"6,53,184","10,37,14,546.26","14,728","1,81,570",27.80
SSDL,EQ,09-09-2024,156.47,156.9,161.2,154.8,158.7,159.67,159.71,"8,66,826","13,84,43,965.39","18,895","2,88,865",33.32
SSDL,EQ,10-09-2024,159.67,162.5,172.5,161.3,166.5,166.72,167.37,"17,79,565","29,78,47,916.14","40,924","7,01,445",39.42
SSDL,EQ,11-09-2024,166.72,169.0,174.6,165.02,167.7,167.34,170.52,"11,49,586","19,60,29,403.13","31,866","4,66,892",40.61
SSDL,EQ,12-09-2024,167.34,169.99,170.69,162.78,164.9,164.71,165.61,"5,74,391","9,51,22,322.85","16,387","3,11,707",54.27
SSDL,EQ,13-09-2024,164.71,165.88,167.92,162.51,164.25,163.22,165.22,"3,98,449","6,58,29,876.02","12,144","1,81,704",45.60
SSDL,EQ,16-09-2024,163.22,164.35,166.79,161.22,163.0,162.67,163.28,"6,52,502","10,65,40,814.23","23,433","1,79,260",27.47
SSDL,EQ,17-09-2024,162.67,163.5,169.39,161.35,165.55,167.13,164.59,"21,50,473","35,39,37,530.09","22,470","2,85,045",13.25
SSDL,EQ,18-09-2024,167.13,167.8,168.0,162.5,163.3,163.0,164.28,"3,87,692","6,36,91,474.00","11,030","1,69,721",43.78
SSDL,EQ,19-09-2024,163.0,164.09,172.3,158.11,172.12,171.16,166.2,"39,20,887","65,16,34,287.75","35,558","7,19,067",18.34
SSDL,EQ,20-09-2024,171.16,172.58,173.21,164.5,165.27,165.12,169.31,"26,92,185","45,58,03,040.03","20,044","4,16,077",15.45
SSDL,EQ,23-09-2024,165.12,168.79,168.79,163.87,164.25,164.42,165.38,"3,57,112","5,90,58,106.88","7,098","1,72,420",48.28
SSDL,EQ,24-09-2024,164.42,166.43,166.43,159.02,161.0,160.79,162.0,"7,98,113","12,92,95,152.26","8,342","2,75,366",34.50
SSDL,EQ,25-09-2024,160.79,161.0,162.68,158.2,158.9,158.58,159.83,"2,80,923","4,49,01,090.66","6,613","1,39,892",49.80
SSDL,EQ,26-09-2024,158.58,159.86,160.01,156.15,157.5,156.79,157.7,"2,28,162","3,59,80,458.22","5,841","1,17,806",51.63
SSDL,EQ,27-09-2024,156.79,158.34,159.0,154.42,156.0,155.1,155.73,"2,37,081","3,69,21,261.98","6,614","1,31,114",55.30
SSDL,EQ,30-09-2024,155.1,155.0,157.63,153.1,154.3,154.09,154.53,"1,85,579","2,86,78,363.66","6,788","79,441",42.81
SSDL,EQ,01-10-2024,154.09,154.5,156.99,152.0,152.05,152.64,154.41,"2,40,924","3,72,01,405.97","4,195","1,29,867",53.90
SSDL,EQ,03-10-2024,152.64,149.01,152.0,146.55,149.0,147.79,148.7,"2,91,498","4,33,45,476.66","6,048","1,72,218",59.08
SSDL,EQ,04-10-2024,147.79,148.49,149.99,145.3,146.21,145.9,147.99,"7,17,266","10,61,45,845.69","4,914","1,25,966",17.56
SSDL,EQ,07-10-2024,145.9,146.21,147.68,137.0,138.65,138.0,140.28,"3,33,341","4,67,60,507.39","7,539","1,78,212",53.46
SSDL,EQ,08-10-2024,138.0,140.0,144.43,138.11,143.5,143.43,141.46,"2,04,750","2,89,64,277.74","4,008","73,231",35.77
SSDL,EQ,09-10-2024,143.43,145.5,145.77,143.02,144.99,144.57,144.81,"1,06,484","1,54,19,820.62","2,024","61,984",58.21
SSDL,EQ,10-10-2024,144.57,144.98,148.0,144.25,147.1,147.56,146.74,"84,903","1,24,58,813.29","1,752","44,736",52.69
SSDL,EQ,11-10-2024,147.56,148.0,148.0,144.4,145.0,144.75,145.45,"72,787","1,05,87,144.39","1,845","43,833",60.22
SSDL,EQ,14-10-2024,144.75,146.2,146.26,142.75,143.1,143.58,144.44,"79,032","1,14,15,400.71","2,178","45,219",57.22
SSDL,EQ,15-10-2024,143.58,143.01,144.5,141.51,143.86,142.99,142.85,"65,652","93,78,111.84","2,219","34,388",52.38
SSDL,EQ,16-10-2024,142.99,142.1,144.85,141.27,143.25,142.71,142.19,"83,386","1,18,56,641.93","2,117","46,422",55.67
SSDL,EQ,17-10-2024,142.71,142.2,143.54,139.5,140.2,140.19,140.96,"96,815","1,36,47,295.03","2,387","54,961",56.77
SSDL,EQ,18-10-2024,140.19,138.05,140.35,136.36,138.19,138.09,138.28,"84,556","1,16,92,232.39","2,325","42,425",50.17
SSDL,EQ,21-10-2024,138.09,139.45,140.6,137.0,139.5,139.78,138.75,"1,26,910","1,76,08,386.52","3,316","61,418",48.39
SSDL,EQ,22-10-2024,139.78,138.75,139.87,126.42,130.0,129.66,132.76,"2,49,014","3,30,59,815.71","7,239","1,41,067",56.65
SSDL,EQ,23-10-2024,129.66,128.05,130.0,122.65,125.4,125.26,126.48,"2,65,450","3,35,73,423.03","6,202","1,37,287",51.72
SSDL,EQ,24-10-2024,125.26,125.97,134.59,124.51,133.0,132.93,130.84,"3,68,599","4,82,26,068.61","10,627","1,27,642",34.63
SSDL,EQ,25-10-2024,132.93,133.0,133.5,125.0,127.0,126.53,126.83,"1,56,433","1,98,40,938.83","5,323","78,723",50.32
SSDL,EQ,28-10-2024,126.53,126.6,129.19,124.85,127.39,126.96,127.06,"96,870","1,23,08,635.40","2,895","38,104",39.34
SSDL,EQ,29-10-2024,126.96,127.32,128.87,126.5,127.49,126.93,127.37,"56,510","71,97,724.78","1,506","33,395",59.10
SSDL,EQ,30-10-2024,126.93,128.29,131.48,127.11,130.9,129.61,129.76,"1,16,086","1,50,63,118.20","3,149","40,172",34.61
SSDL,EQ,31-10-2024,129.61,129.62,130.89,128.48,129.76,129.58,129.64,"59,023","76,51,784.81","2,214","32,734",55.46
SSDL,EQ,01-11-2024,129.58,130.09,133.0,126.75,132.5,131.65,131.19,"37,691","49,44,666.62","1,089","23,933",63.50
SSDL,EQ,04-11-2024,131.65,133.0,133.0,127.0,127.7,127.69,128.53,"59,073","75,92,701.03","2,168","34,849",58.99
SSDL,EQ,05-11-2024,127.69,128.77,130.15,127.1,128.9,128.8,128.66,"54,643","70,30,619.54","2,050","31,666",57.95
SSDL,EQ,06-11-2024,128.8,130.0,135.0,129.91,133.78,133.95,133.1,"1,42,616","1,89,81,591.13","4,024","62,277",43.67
SSDL,EQ,07-11-2024,133.95,134.14,134.97,129.27,132.0,130.76,132.19,"94,032","1,24,30,438.63","2,932","38,590",41.04
SSDL,EQ,08-11-2024,130.76,131.25,133.0,129.36,131.0,130.85,130.35,"59,006","76,91,572.84","1,719","27,319",46.30
SSDL,EQ,11-11-2024,130.85,131.31,131.31,125.44,127.9,126.63,127.95,"64,306","82,27,962.53","2,490","37,626",58.51
SSDL,EQ,12-11-2024,126.63,128.5,131.0,127.11,127.21,128.61,128.77,"72,254","93,04,399.23","1,740","40,662",56.28
SSDL,EQ,13-11-2024,128.61,131.0,134.9,124.31,126.45,125.46,129.39,"2,54,838","3,29,73,056.02","5,759","93,000",36.49
SSDL,EQ,14-11-2024,125.46,126.06,131.79,125.2,128.0,127.68,128.07,"1,06,995","1,37,03,117.44","2,504","45,975",42.97
SSDL,EQ,18-11-2024,127.68,128.36,128.99,125.52,126.5,126.46,126.77,"63,128","80,02,634.36","2,063","29,620",46.92
SSDL,EQ,19-11-2024,126.46,126.5,128.8,125.16,125.5,125.69,127.23,"65,442","83,26,162.93","1,789","31,618",48.31
SSDL,EQ,21-11-2024,125.69,125.5,125.69,118.0,119.9,119.29,121.13,"1,60,194","1,94,04,257.76","4,650","95,823",59.82
SSDL,EQ,22-11-2024,119.29,120.5,122.0,118.05,119.85,119.69,119.62,"1,01,025","1,20,84,525.47","3,227","47,292",46.81
SSDL,EQ,25-11-2024,119.69,122.5,122.89,120.0,120.9,120.71,121.07,"77,324","93,61,396.24","2,345","34,119",44.12
SSDL,EQ,26-11-2024,120.71,122.0,122.98,120.81,121.96,121.86,122.01,"74,717","91,16,395.05","1,890","45,139",60.41
SSDL,EQ,27-11-2024,121.86,121.86,128.57,121.69,127.88,127.57,126.23,"1,85,354","2,33,97,150.26","4,011","79,764",43.03
SSDL,EQ,28-11-2024,127.57,128.0,131.67,126.25,126.5,127.09,129.06,"1,39,742","1,80,35,708.06","3,643","68,984",49.37
SSDL,EQ,29-11-2024,127.09,127.01,144.7,127.01,140.22,139.85,140.41,"12,72,168","17,86,20,007.02","20,646","2,69,088",21.15
SSDL,EQ,02-12-2024,139.85,139.9,142.9,136.71,140.4,140.58,140.04,"2,42,548","3,39,65,705.20","5,805","1,03,987",42.87
SSDL,EQ,03-12-2024,140.58,139.59,147.19,139.59,145.0,144.78,144.25,"2,69,469","3,88,70,546.33","5,815","1,22,196",45.35
SSDL,EQ,04-12-2024,144.78,147.0,147.5,139.0,142.0,141.88,144.6,"1,88,631","2,72,76,839.71","3,839","92,979",49.29
SSDL,EQ,05-12-2024,141.88,142.03,143.49,138.0,140.0,139.0,139.42,"1,19,837","1,67,07,999.11","3,084","53,676",44.79
SSDL,EQ,06-12-2024,139.0,140.55,142.85,139.98,141.0,140.99,141.21,"1,17,861","1,66,42,665.46","2,560","39,001",33.09
SSDL,EQ,09-12-2024,140.99,141.8,142.76,138.11,138.95,138.78,139.86,"1,22,175","1,70,86,941.10","2,370","57,522",47.08
SSDL,EQ,10-12-2024,138.78,140.0,141.15,138.15,138.95,139.02,139.27,"65,018","90,55,340.51","1,728","30,935",47.58
SSDL,EQ,11-12-2024,139.02,139.09,140.8,138.25,139.45,139.37,139.5,"75,946","1,05,94,128.25","1,889","41,134",54.16
SSDL,EQ,12-12-2024,139.37,140.6,140.6,134.66,135.3,135.65,136.24,"82,406","1,12,27,366.29","2,155","45,019",54.63
SSDL,EQ,13-12-2024,135.65,135.01,135.53,131.61,134.8,134.1,133.69,"69,469","92,87,586.57","2,290","31,812",45.79
SSDL,EQ,16-12-2024,134.1,135.06,153.85,135.06,142.95,141.73,146.45,"12,40,478","18,16,69,611.87","17,518","2,10,512",16.97
SSDL,EQ,17-12-2024,141.73,142.6,143.24,138.21,139.0,138.81,139.78,"1,22,507","1,71,23,615.77","2,898","55,703",45.47
SSDL,EQ,18-12-2024,138.81,138.83,139.79,135.0,135.01,135.17,136.49,"83,355","1,13,77,023.61","2,115","42,075",50.48
SSDL,EQ,19-12-2024,135.17,134.0,139.0,132.62,137.05,136.83,136.09,"1,41,255","1,92,23,115.97","3,725","44,019",31.16
SSDL,EQ,20-12-2024,136.83,138.2,138.2,131.1,132.3,131.77,133.6,"1,30,161","1,73,89,399.36","3,189","56,584",43.47
SSDL,EQ,23-12-2024,131.77,133.58,135.0,127.05,129.99,127.98,130.52,"84,328","1,10,06,906.46","2,341","36,724",43.55
SSDL,EQ,24-12-2024,127.98,129.3,129.99,127.11,127.77,128.13,128.5,"33,464","43,00,166.86","1,201","16,054",47.97
SSDL,EQ,26-12-2024,128.13,128.9,129.94,126.95,127.04,127.25,127.84,"43,748","55,92,642.12","1,651","20,297",46.40
SSDL,EQ,27-12-2024,127.25,128.5,129.33,125.04,126.49,126.17,126.82,"65,029","82,47,285.04","1,912","36,769",56.54
SSDL,EQ,30-12-2024,126.17,126.8,127.96,125.05,127.09,126.31,126.27,"48,510","61,25,375.32","1,611","28,453",58.65
SSDL,EQ,31-12-2024,126.31,126.8,129.0,124.41,128.4,127.76,126.3,"58,116","73,40,143.79","1,975","30,142",51.87
SSDL,EQ,01-01-2025,127.76,129.69,131.2,128.3,130.45,129.92,129.98,"56,691","73,68,891.24","1,288","21,838",38.52
SSDL,EQ,02-01-2025,129.92,130.05,135.0,129.01,132.25,131.82,132.45,"78,264","1,03,66,226.52","2,156","34,985",44.7
SSDL,EQ,03-01-2025,131.82,132.0,133.88,126.33,127.88,128.11,129.76,"90,416","1,17,32,228.05","2,166","53,034",58.66
SSDL,EQ,06-01-2025,128.11,128.45,128.45,123.5,124.49,124.16,125.2,"82,829","1,03,70,302.54","2,642","44,589",53.83
SSDL,EQ,07-01-2025,124.16,123.0,125.9,123.0,125.19,125.03,124.49,"44,061","54,85,179.44","1,133","22,827",51.81
SSDL,EQ,08-01-2025,125.03,127.25,127.25,123.5,124.54,125.18,124.54,"39,797","49,56,179.99","1,285","20,417",51.3
SSDL,EQ,09-01-2025,125.18,126.99,126.99,123.0,124.49,123.98,124.31,"30,987","38,52,071.41",962,"16,336",52.72
SSDL,EQ,10-01-2025,123.98,123.98,126.98,120.01,122.83,121.55,122.08,"59,751","72,94,231.84","2,097","27,571",46.14
SSDL,EQ,13-01-2025,121.55,123.02,123.02,114.05,116.41,116.24,117.47,"1,15,960","1,36,22,001.17","3,678","51,665",44.55
SSDL,EQ,14-01-2025,116.24,115.26,119.01,115.0,118.0,117.23,117.06,"51,350","60,11,078.31","2,063","25,495",49.65
SSDL,EQ,15-01-2025,117.23,121.45,121.45,117.25,119.0,118.6,119.0,"35,952","42,78,261.14","1,187","16,272",45.26
SSDL,EQ,16-01-2025,118.6,119.9,121.0,118.51,119.31,119.97,119.59,"34,894","41,72,932.19","1,385","18,243",52.28
SSDL,EQ,17-01-2025,119.97,119.48,121.0,118.51,119.95,119.82,119.88,"26,514","31,78,401.30","1,220","12,376",46.68
SSDL,EQ,20-01-2025,119.82,119.01,127.8,118.03,127.01,126.43,123.17,"93,709","1,15,41,940.98","2,195","49,337",52.65
SSDL,EQ,21-01-2025,126.43,127.83,128.19,125.26,126.0,126.33,126.23,"54,801","69,17,502.99","1,317","36,195",66.05
SSDL,EQ,22-01-2025,126.33,127.26,127.26,119.21,121.89,121.8,121.78,"47,331","57,63,749.97","1,571","27,235",57.54
SSDL,EQ,23-01-2025,121.8,124.0,124.0,119.2,120.0,120.22,121.34,"32,262","39,14,659.17","1,089","15,649",48.51
SSDL,EQ,24-01-2025,120.22,120.0,121.86,118.12,118.15,118.74,119.27,"31,602","37,69,031.71","1,061","18,561",58.73
SSDL,EQ,27-01-2025,118.74,118.74,118.74,111.8,113.87,113.56,113.85,"60,941","69,37,839.38","2,070","28,052",46.03
SSDL,EQ,28-01-2025,113.56,115.0,116.6,110.0,112.25,111.4,111.78,"50,589","56,54,661.27","1,753","26,594",52.57
SSDL,EQ,29-01-2025,111.4,114.89,116.0,112.66,115.95,115.54,114.32,"35,552","40,64,347.50","1,244","18,758",52.76
SSDL,EQ,30-01-2025,115.54,117.5,118.5,115.26,116.8,116.58,116.95,"30,005","35,09,217.59",770,"15,047",50.15
SSDL,EQ,31-01-2025,116.58,116.18,118.0,115.25,117.8,117.1,116.47,"30,416","35,42,616.14","1,212","14,844",48.8
SSDL,EQ,01-02-2025,117.1,118.0,118.0,114.0,115.3,115.03,116.33,"44,726","52,02,961.99","1,411","22,876",51.15
SSDL,EQ,03-02-2025,115.03,116.49,116.49,113.34,113.9,113.97,114.55,"37,166","42,57,489.07","1,304","20,306",54.64
SSDL,EQ,04-02-2025,113.97,116.78,116.85,112.69,115.11,115.72,115.18,"39,922","45,98,135.72","1,369","21,025",52.67
SSDL,EQ,05-02-2025,115.72,115.05,117.59,115.01,116.0,115.98,115.94,"44,923","52,08,367.89","1,999","21,106",46.98
SSDL,EQ,06-02-2025,115.98,117.1,120.0,117.0,119.9,118.31,118.24,"1,13,883","1,34,65,854.18","2,369","43,326",38.04
SSDL,EQ,07-02-2025,118.31,121.0,121.03,115.9,115.9,116.61,117.73,"44,854","52,80,743.52",992,"29,959",66.79
SSDL,EQ,10-02-2025,116.61,118.24,118.24,115.21,115.95,115.74,116.31,"27,840","32,37,958.52",991,"16,107",57.86
SSDL,EQ,11-02-2025,115.74,115.99,116.02,112.02,112.81,112.79,113.79,"47,017","53,50,007.55",938,"32,554",69.24
SSDL,EQ,12-02-2025,112.79,111.1,112.78,106.11,111.25,109.82,108.91,"77,381","84,27,296.31","2,529","38,813",50.16
SSDL,EQ,13-02-2025,109.82,113.5,114.97,110.02,113.0,112.26,112.65,"47,601","53,62,314.18","1,491","25,155",52.85
SSDL,EQ,14-02-2025,112.26,102.0,108.9,102.0,103.0,102.76,103.51,"1,50,295","1,55,57,714.80","4,574","81,517",54.24
SSDL,EQ,17-02-2025,102.76,103.01,121.03,101.45,109.2,115.53,110.76,"2,33,427","2,58,54,736.69","4,635","1,15,364",49.42
SSDL,EQ,18-02-2025,115.53,113.5,113.5,105.1,105.8,106.26,108.82,"1,24,717","1,35,71,535.57","6,551","33,863",27.15
SSDL,EQ,19-02-2025,106.26,106.25,109.9,104.62,105.15,105.3,106.88,"89,757","95,93,081.41","3,881","33,937",37.81
SSDL,EQ,20-02-2025,105.3,105.35,108.55,105.35,106.25,106.76,107.15,"48,093","51,53,021.19","2,438","13,980",29.07
SSDL,EQ,21-02-2025,106.76,107.25,109.2,105.51,107.3,106.85,107.19,"42,218","45,25,551.05","2,167","13,267",31.42
SSDL,EQ,24-02-2025,106.85,106.88,107.97,103.41,105.0,104.36,104.57,"47,760","49,94,325.00","1,648","23,113",48.39
SSDL,EQ,25-02-2025,104.36,104.36,106.0,103.1,103.5,104.03,104.42,"30,880","32,24,500.79",795,"23,172",75.04
SSDL,EQ,27-02-2025,104.03,104.03,104.12,100.92,102.5,101.61,102.26,"40,315","41,22,494.25","1,273","25,281",62.71
SSDL,EQ,28-02-2025,101.61,101.0,105.94,99.0,99.0,99.55,99.99,"55,925","55,91,880.73","1,984","31,847",56.95
SSDL,EQ,03-03-2025,99.55,99.55,100.89,94.57,95.15,95.99,96.11,"75,100","72,18,166.61","2,113","42,170",56.15
SSDL,EQ,04-03-2025,95.99,95.94,98.07,93.78,95.11,96.32,96.24,"57,380","55,21,967.87","1,384","30,579",53.29
SSDL,EQ,05-03-2025,96.32,95.26,99.95,95.26,97.6,97.34,97.73,"93,334","91,21,098.51","1,530","60,849",65.19
SSDL,EQ,06-03-2025,97.34,99.2,100.6,98.1,98.4,98.36,98.65,"1,05,587","1,04,16,631.98","2,034","71,517",67.73
SSDL,EQ,07-03-2025,98.36,98.36,100.78,97.77,100.03,99.87,99.66,"85,352","85,06,597.35","1,229","59,552",69.77
SSDL,EQ,10-03-2025,99.87,100.03,103.03,98.0,99.0,98.76,99.91,"52,798","52,74,923.86","1,367","31,415",59.5
SSDL,EQ,11-03-2025,98.76,97.51,98.0,94.0,94.4,94.39,95.31,"88,258","84,11,765.59","2,846","54,169",61.38
SSDL,EQ,12-03-2025,94.39,94.65,95.96,92.8,93.1,93.14,94.39,"88,436","83,47,373.66","1,569","62,397",70.56
SSDL,EQ,13-03-2025,93.14,93.15,93.95,91.21,91.66,92.03,92.81,"58,833","54,60,205.20","1,580","37,650",63.99
SSDL,EQ,17-03-2025,92.03,92.1,93.64,89.0,89.4,89.6,90.79,"60,282","54,73,229.90","1,860","37,138",61.61
SSDL,EQ,18-03-2025,89.6,90.1,92.19,90.0,91.5,91.66,91.21,"1,01,027","92,15,102.37","1,969","56,383",55.81
SSDL,EQ,19-03-2025,91.66,91.66,94.35,91.66,93.0,92.97,93.26,"1,11,367","1,03,86,126.89","2,127","71,741",64.42
SSDL,EQ,20-03-2025,92.97,94.5,95.5,92.5,92.98,92.65,93.51,"99,153","92,71,543.26","2,192","57,430",57.92
SSDL,EQ,21-03-2025,92.65,92.85,96.5,92.31,94.6,94.6,94.53,"1,51,000","1,42,73,362.68","2,846","79,606",52.72
SSDL,EQ,24-03-2025,94.6,96.39,97.1,92.1,93.49,93.2,94.59,"1,77,683","1,68,06,360.29","2,666","1,07,272",60.37
SSDL,EQ,25-03-2025,93.2,93.5,96.7,90.06,90.64,90.42,91.95,"1,69,599","1,55,94,620.28","4,044","1,26,067",74.33
SSDL,EQ,26-03-2025,90.42,91.1,91.92,85.01,85.98,86.12,87.92,"2,20,360","1,93,74,006.02","7,957","1,59,229",72.26
SSDL,EQ,27-03-2025,86.12,86.4,86.4,82.8,83.03,83.17,84.07,"2,80,664","2,35,95,430.78","12,047","1,96,439",69.99
SSDL,EQ,28-03-2025,83.17,83.94,86.3,80.31,80.71,80.45,82.52,"2,58,339","2,13,17,374.91","9,532","1,60,958",62.3
SSDL,EQ,01-04-2025,80.45,83.0,87.0,81.45,85.67,85.11,85.19,"1,77,801","1,51,46,066.72","3,528","79,415",44.67
SSDL,EQ,02-04-2025,85.11,85.69,88.0,82.16,87.46,87.45,85.55,"1,31,604","1,12,58,323.95","2,596","56,015",42.56
SSDL,EQ,03-04-2025,87.45,87.15,89.61,86.2,88.0,88.52,88.32,"72,007","63,59,964.70","1,814","34,543",47.97
SSDL,EQ,04-04-2025,88.52,88.07,88.99,83.24,84.55,84.27,85.14,"1,29,612","1,10,34,596.22","2,545","76,722",59.19
SSDL,EQ,07-04-2025,84.27,82.77,86.79,80.1,86.79,84.46,82.69,"1,65,088","1,36,51,736.87","3,449","68,303",41.37
SSDL,EQ,08-04-2025,84.46,86.85,89.1,85.5,88.9,88.47,87.44,"1,53,719","1,34,41,048.47","3,260","58,858",38.29
SSDL,EQ,09-04-2025,88.47,86.51,87.7,85.0,87.0,86.75,86.19,"1,17,048","1,00,88,002.72","2,264","43,886",37.49
SSDL,EQ,11-04-2025,86.75,86.2,90.0,85.01,86.0,85.91,86.92,"1,00,516","87,37,076.17","1,783","36,568",36.38
SSDL,EQ,15-04-2025,85.91,85.91,88.74,85.91,88.0,87.89,87.57,"55,579","48,67,016.18","1,705","25,774",46.37
SSDL,EQ,16-04-2025,87.89,87.1,90.54,87.1,88.57,88.87,89.02,"85,135","75,78,502.38","1,675","31,799",37.35
SSDL,EQ,17-04-2025,88.87,88.15,90.0,88.15,89.12,88.97,89.07,"64,167","57,15,299.84","1,598","30,257",47.15
SSDL,EQ,21-04-2025,88.97,88.97,93.17,88.97,91.1,92.32,91.19,"79,674","72,65,853.44","2,007","42,559",53.42
SSDL,EQ,22-04-2025,92.32,93.5,93.78,90.84,93.7,93.15,92.63,"71,152","65,91,037.14","1,884","35,474",49.86
SSDL,EQ,23-04-2025,93.15,94.5,95.5,91.02,92.08,92.32,92.69,"70,696","65,52,628.58","1,518","31,583",44.67
SSDL,EQ,24-04-2025,92.32,92.1,93.9,91.39,92.85,92.5,92.52,"65,065","60,19,987.87","1,684","27,598",42.42
SSDL,EQ,25-04-2025,92.5,92.12,92.98,88.41,89.5,89.67,89.87,"68,026","61,13,193.30","2,255","33,787",49.67
SSDL,EQ,28-04-2025,89.67,89.67,90.44,87.11,90.44,89.24,88.77,"40,062","35,56,466.23","1,581","13,703",34.2
SSDL,EQ,29-04-2025,89.24,90.08,91.0,88.66,88.7,89.25,89.32,"40,867","36,50,311.10","1,168","21,399",52.36
SSDL,EQ,30-04-2025,89.25,90.0,90.0,87.15,87.9,87.7,88.02,"30,078","26,47,392.78","1,151","13,494",44.86
SSDL,EQ,02-05-2025,87.7,90.0,90.0,87.15,89.9,87.84,87.94,"45,959","40,41,642.51","1,316","21,877",47.6
SSDL,EQ,05-05-2025,87.84,86.55,89.9,86.55,89.6,89.55,88.91,"36,030","32,03,545.87","1,102","20,196",56.05
SSDL,EQ,06-05-2025,89.55,88.3,89.55,86.03,86.6,86.85,87.27,"94,461","82,43,576.28","1,718","40,086",42.44
SSDL,EQ,07-05-2025,86.85,84.0,87.5,84.0,87.5,86.71,85.7,"37,370","32,02,684.52","1,167","17,163",45.93
SSDL,EQ,08-05-2025,86.71,88.45,88.45,85.0,85.77,85.66,86.77,"28,137","24,41,533.14","1,336","11,665",41.46
SSDL,EQ,09-05-2025,85.66,83.8,85.0,82.6,85.0,84.44,83.46,"60,418","50,42,734.09","1,944","29,273",48.45
SSDL,EQ,12-05-2025,84.44,88.4,89.5,85.81,89.5,88.47,87.91,"48,255","42,41,859.04","1,381","24,113",49.97
SSDL,EQ,13-05-2025,88.47,89.3,90.11,88.48,90.0,89.64,89.57,"32,658","29,25,338.54","1,115","17,370",53.19
SSDL,EQ,14-05-2025,89.64,90.15,93.8,90.0,93.0,93.06,92.24,"73,179","67,50,323.04","1,492","36,966",50.51
SSDL,EQ,15-05-2025,93.06,94.0,94.2,92.17,93.02,93.63,93.22,"46,226","43,09,218.69","1,466","19,418",42.01
SSDL,EQ,16-05-2025,93.63,94.49,96.0,93.3,94.92,94.83,94.69,"47,685","45,15,198.47","1,540","28,094",58.92
SSDL,EQ,19-05-2025,94.83,95.31,98.5,95.06,98.5,97.36,96.6,"80,940","78,18,768.48","1,531","50,641",62.57
SSDL,EQ,20-05-2025,97.36,98.5,99.36,94.91,95.8,95.2,96.33,"44,494","42,85,993.96","1,265","28,613",64.31
SSDL,EQ,21-05-2025,95.2,94.25,97.01,94.25,96.45,95.77,95.61,"33,983","32,49,229.19","1,116","14,685",43.21
SSDL,EQ,22-05-2025,95.77,95.0,96.12,94.05,94.8,94.45,94.84,"31,145","29,53,695.47","1,135","14,462",46.43
SSDL,EQ,23-05-2025,94.45,96.81,97.38,94.59,95.72,95.75,95.72,"42,222","40,41,669.87","1,107","24,571",58.19
SSDL,EQ,26-05-2025,95.75,96.1,98.56,95.76,97.6,96.92,96.82,"41,138","39,82,878.81","1,416","22,452",54.58
SSDL,EQ,27-05-2025,96.92,97.4,97.95,95.8,96.45,96.2,96.51,"35,855","34,60,513.50","1,289","25,561",71.29
SSDL,EQ,28-05-2025,96.2,97.8,97.8,94.22,96.3,95.95,96.09,"72,043","69,22,301.93","1,340","39,289",54.54
SSDL,EQ,29-05-2025,95.95,97.0,98.17,95.5,96.96,96.84,96.51,"59,972","57,88,146.89","1,419","42,055",70.12
SSDL,EQ,30-05-2025,96.84,96.99,97.0,94.02,95.0,94.6,95.51,"84,806","80,99,451.68","1,748","58,877",69.43
SSDL,EQ,02-06-2025,94.6,95.0,104.52,95.0,100.59,100.22,100.59,"1,83,836","1,84,91,843.90","4,583","79,808",43.41
SSDL,EQ,03-06-2025,100.22,101.9,103.0,98.0,98.0,98.31,100.78,"90,010","90,71,445.61","2,773","52,544",58.38
SSDL,EQ,04-06-2025,98.31,98.9,100.25,98.0,99.58,99.68,99.35,"38,847","38,59,479.78","1,415","23,019",59.26
SSDL,EQ,05-06-2025,99.68,99.99,103.0,99.06,100.95,100.46,101.0,"36,475","36,84,020.60",957,"23,498",64.42
SSDL,EQ,06-06-2025,100.46,101.0,101.0,99.51,99.55,99.75,100.15,"29,357","29,40,194.19",817,"16,023",54.58
SSDL,EQ,09-06-2025,99.75,99.66,104.9,99.66,104.1,104.33,102.84,"1,51,897","1,56,21,091.25","3,652","80,152",52.77
SSDL,EQ,10-06-2025,104.33,105.0,106.0,100.8,102.3,102.43,103.13,"77,066","79,47,718.31","2,257","41,676",54.08
SSDL,EQ,11-06-2025,102.43,102.96,108.0,102.89,106.0,105.85,106.08,"92,716","98,35,115.06","2,680","46,129",49.75
SSDL,EQ,12-06-2025,105.85,106.0,106.49,101.0,101.0,101.39,103.01,"49,611","51,10,579.80","1,875","30,154",60.78
SSDL,EQ,13-06-2025,101.39,99.01,102.37,98.8,101.8,101.23,100.73,"50,036","50,40,049.41","1,691","27,251",54.46
SSDL,EQ,16-06-2025,101.23,100.25,101.69,97.5,100.5,101.16,100.09,"31,754","31,78,314.01","1,674","18,351",57.79
SSDL,EQ,17-06-2025,101.16,100.25,101.69,98.15,98.78,98.68,99.73,"38,714","38,61,105.16","1,253","21,906",56.58
SSDL,EQ,18-06-2025,98.68,98.78,99.99,96.59,96.96,97.05,97.67,"70,132","68,49,737.91","2,077","48,890",69.71
SSDL,EQ,19-06-2025,97.05,97.0,98.01,94.0,94.7,94.71,95.51,"48,553","46,37,348.56","1,797","28,458",58.61
SSDL,EQ,20-06-2025,94.71,94.92,96.9,93.98,96.9,96.31,95.45,"31,548","30,11,307.88","1,353","15,843",50.22
SSDL,EQ,23-06-2025,96.31,95.0,96.98,94.16,94.95,96.02,95.53,"26,370","25,19,126.92",989,"14,619",55.44
SSDL,EQ,24-06-2025,96.02,97.0,98.82,96.56,97.65,97.11,97.5,"29,156","28,42,774.20","1,187","15,319",52.54
SSDL,EQ,25-06-2025,97.11,96.0,99.54,96.0,97.1,97.57,97.96,"34,626","33,91,841.87","1,261","19,753",57.05
SSDL,EQ,26-06-2025,97.57,97.65,99.19,97.25,97.49,97.61,97.83,"27,582","26,98,327.59",746,"19,521",70.77
SSDL,EQ,27-06-2025,97.61,98.15,99.5,97.61,97.61,98.18,98.58,"35,440","34,93,598.92","1,077","22,214",62.68
SSDL,EQ,30-06-2025,98.18,98.5,99.12,97.87,98.54,98.2,98.41,"21,880","21,53,268.83",818,"13,389",61.19
SSDL,EQ,01-07-2025,98.2,98.05,99.14,97.0,98.1,98.07,98.08,"23,368","22,92,012.05",925,"14,096",60.32
SSDL,EQ,02-07-2025,98.07,99.0,101.33,97.01,97.62,99.58,98.83,"69,963","69,14,199.69","1,875","31,400",44.88
SSDL,EQ,03-07-2025,99.58,99.7,100.01,97.92,98.21,98.15,98.63,"32,517","32,07,069.80","1,108","18,156",55.84
SSDL,EQ,04-07-2025,98.15,97.9,98.63,96.82,97.9,97.51,97.88,"21,432","20,97,785.24",651,"13,410",62.57
SSDL,EQ,07-07-2025,97.51,97.25,98.98,96.1,96.46,96.7,97.18,"28,255","27,45,841.81",920,"14,312",50.65
SSDL,EQ,08-07-2025,96.7,96.5,97.69,95.5,96.1,96.34,96.42,"39,088","37,68,751.04",954,"21,930",56.1
SSDL,EQ,09-07-2025,96.34,96.83,97.69,95.02,96.9,96.34,96.66,"23,519","22,73,413.29",907,"12,365",52.57
SSDL,EQ,10-07-2025,96.34,97.0,97.5,95.06,96.55,96.06,96.24,"25,958","24,98,186.19",909,"14,254",54.91
SSDL,EQ,11-07-2025,96.06,96.06,97.28,94.5,96.32,95.93,95.69,"46,329","44,33,108.82","1,264","28,398",61.3
SSDL,EQ,14-07-2025,95.93,97.94,97.94,95.01,96.0,95.98,95.86,"22,639","21,70,250.34",779,"13,937",61.56
SSDL,EQ,15-07-2025,95.98,95.7,97.5,95.7,97.1,96.89,96.72,"21,741","21,02,755.04",602,"12,963",59.62
SSDL,EQ,16-07-2025,96.89,96.89,98.98,96.41,97.48,97.55,97.5,"54,942","53,56,919.87",922,"39,374",71.66
SSDL,EQ,17-07-2025,97.55,96.35,101.88,96.35,101.25,101.36,100.16,"1,17,568","1,17,75,294.51","2,001","60,122",51.14
SSDL,EQ,18-07-2025,101.36,101.8,102.59,99.14,99.8,99.94,100.73,"72,386","72,91,730.42","1,473","42,516",58.74
SSDL,EQ,21-07-2025,99.94,100.0,100.16,98.11,98.9,98.56,98.77,"33,253","32,84,505.97",876,"15,930",47.91
SSDL,EQ,22-07-2025,98.56,98.45,100.29,98.0,98.0,98.43,98.9,"25,930","25,64,578.48",575,"16,420",63.32
SSDL,EQ,23-07-2025,98.43,98.82,98.96,97.0,97.6,97.52,97.57,"29,259","28,54,850.37",597,"17,682",60.43
SSDL,EQ,24-07-2025,97.52,98.0,98.0,96.0,96.49,96.2,96.73,"22,528","21,79,142.59",570,"15,365",68.2
SSDL,EQ,25-07-2025,96.2,97.0,97.0,93.98,96.33,94.94,95.22,30515,29.06,912, 22083, 72.37
SSDL,EQ,28-07-2025,94.94,96.75,96.99,93.41,94.42,94.52,95.01,21578,20.5,597, 12332, 57.15
SSDL,EQ,29-07-2025,94.52,94.52,94.98,92.11,94.52,94.43,93.59,24902,23.3,660, 14470, 58.11
SSDL,EQ,30-07-2025,94.43,94.43,95.78,92.52,93.55,93.95,94.37,19952,18.83,528, 11007, 55.17
SSDL,EQ,31-07-2025,93.95,93.11,95.31,92.06,92.5,93.1,93.21,36510,34.03,967, 20308, 55.62
SSDL,EQ,01-08-2025,93.1,93.1,94.94,93.0,93.0,93.39,93.69,18591,17.42,577, 8785, 47.25
SSDL,EQ,04-08-2025,93.39,93.39,94.21,91.42,91.76,92.0,92.49,20441,18.91,641, 14052, 68.74
SSDL,EQ,05-08-2025,92.0,93.3,94.39,92.0,92.4,92.15,92.54,13459,12.45,398, 8763, 65.11
SSDL,EQ,06-08-2025,92.15,93.74,93.74,90.25,91.2,91.56,91.47,17810,16.29,575, 12054, 67.68
SSDL,EQ,07-08-2025,91.56,91.55,91.89,89.0,90.79,89.74,90.22,34031,30.7,1033, 20515, 60.28
SSDL,EQ,08-08-2025,89.74,90.1,92.4,89.0,89.99,89.8,90.51,31362,28.39,852, 19302, 61.55
SSDL,EQ,11-08-2025,89.8,90.0,90.62,89.8,90.0,90.04,90.11,14160,12.76,444, 9918, 70.04
SSDL,EQ,12-08-2025,90.04,90.07,92.19,90.07,90.7,90.87,91.25,14164,12.92,391, 9541, 67.36
SSDL,EQ,13-08-2025,90.87,90.87,92.29,90.0,91.35,91.39,90.96,18968,17.25,881, 10824, 57.06
SSDL,EQ,14-08-2025,91.39,90.15,98.0,90.15,93.0,93.64,94.28,105992,99.93,1451, 49985, 47.16
SSDL,EQ,18-08-2025,93.64,94.1,94.95,88.35,91.0,90.69,91.52,77485,70.92,1177, 53354, 68.86
SSDL,EQ,19-08-2025,90.69,91.01,98.0,90.31,94.01,94.05,95.14,135534,128.94,1899, 66323, 48.93
SSDL,EQ,20-08-2025,94.05,94.5,95.0,92.21,95.0,94.43,93.87,33930,31.85,648, 19919, 58.71
SSDL,EQ,21-08-2025,94.43,93.96,95.46,93.3,93.3,93.53,94.0,20284,19.07,404, 13429, 66.20
SSDL,EQ,22-08-2025,93.53,93.0,94.39,92.25,93.0,92.51,93.0,26061,24.24,476, 20101, 77.13
SSDL,EQ,25-08-2025,92.51,92.55,95.83,92.55,93.5,94.15,94.12,54419,51.22,687, 31823, 58.48
SSDL,EQ,26-08-2025,94.15,94.15,95.4,91.51,92.0,91.99,92.64,30841,28.57,620, 21861, 70.88
SSDL,EQ,28-08-2025,91.99,92.0,92.48,88.3,89.7,89.09,90.14,67033,60.42,1566, 41672, 62.17
SSDL,EQ,29-08-2025,89.09,90.61,91.98,88.1,88.15,88.85,89.55,19338,17.32,914, 10962, 56.69
SSDL,EQ,01-09-2025,88.85,89.45,90.24,88.56,89.85,89.69,89.73,25939,23.28,374, 21042, 81.12
SSDL,EQ,02-09-2025,89.69,90.19,91.49,89.01,89.94,89.48,90.03,51135,46.03,856, 39105, 76.47
SSDL,EQ,03-09-2025,89.48,90.9,91.63,89.75,89.81,89.92,90.12,28967,26.11,639, 19966, 68.93
SSDL,EQ,04-09-2025,89.92,91.0,91.0,89.6,89.8,89.85,90.15,54108,48.78,1060, 32819, 60.65
SSDL,EQ,05-09-2025,89.85,90.89,90.89,88.59,88.95,88.99,89.15,38528,34.35,880, 28682, 74.44
SSDL,EQ,08-09-2025,88.99,90.64,90.64,88.51,89.0,89.22,89.35,26658,23.82,615, 20158, 75.62
SSDL,EQ,09-09-2025,89.22,89.42,89.65,88.45,89.0,88.61,88.96,22506,20.02,601, 16763, 74.48
SSDL,EQ,10-09-2025,88.61,90.0,91.9,88.5,89.7,88.97,89.56,38150,34.17,981, 20118, 52.73
SSDL,EQ,11-09-2025,88.97,89.0,90.89,88.71,89.0,88.98,89.61,43359,38.85,1241, 27214, 62.76
SSDL,EQ,12-09-2025,88.98,90.21,90.76,88.98,89.65,89.19,89.59,65590,58.76,970, 43267, 65.97
SSDL,EQ,15-09-2025,89.19,90.37,90.37,88.63,89.0,89.12,89.33,34926,31.2,762, 24598, 70.43
SSDL,EQ,16-09-2025,89.12,89.56,90.86,89.1,89.6,89.43,89.92,45435,40.85,1252, 23965, 52.75
SSDL,EQ,17-09-2025,89.43,90.32,90.77,88.21,89.7,89.63,89.79,49673,44.6,1225, 25192, 50.72
SSDL,EQ,18-09-2025,89.63,90.5,91.69,88.83,90.7,90.67,90.78,47710,43.31,1180, 29656, 62.16
SSDL,EQ,19-09-2025,90.67,90.0,90.89,89.5,90.33,89.88,90.06,32683,29.44,599, 24429, 74.75
SSDL,EQ,22-09-2025,89.88,89.55,91.2,89.0,89.99,90.25,90.46,44647,40.39,736, 28460, 63.74
SSDL,EQ,23-09-2025,90.25,91.0,91.0,87.92,89.5,89.28,89.32,57513,51.37,1602, 33648, 58.51
SSDL,EQ,24-09-2025,89.28,89.28,89.79,88.0,88.01,88.27,88.62,22457,19.9,555, 17678, 78.72
SSDL,EQ,25-09-2025,88.27,89.59,89.59,88.05,88.53,88.5,88.76,25017,22.2,543, 18874, 75.44
SSDL,EQ,26-09-2025,88.5,88.0,89.49,85.3,87.79,87.1,87.22,46745,40.77,1494, 28072, 60.05
SSDL,EQ,29-09-2025,87.1,85.2,88.49,85.2,87.21,87.46,87.02,27936,24.31,954, 16109, 57.66
SSDL,EQ,30-09-2025,87.46,87.46,90.69,85.1,88.0,86.86,87.83,38389,33.72,938, 22839, 59.49
SSDL,EQ,01-10-2025,86.86,86.86,89.9,86.19,89.9,88.69,88.01,64816,57.04,1620, 48990, 75.58
SSDL,EQ,03-10-2025,88.69,88.0,90.44,88.0,88.9,88.71,88.86,24888,22.12,833, 13746, 55.23
SSDL,EQ,06-10-2025,88.71,89.78,90.0,87.15,87.9,87.77,88.26,36644,32.34,1147, 21994, 60.02
SSDL,EQ,07-10-2025,87.77,87.78,88.26,86.0,86.15,86.58,86.92,42528,36.96,1117, 28472, 66.95
SSDL,EQ,08-10-2025,86.58,86.9,87.32,86.01,87.0,86.47,86.55,17633,15.26,546, 12811, 72.65
SSDL,EQ,09-10-2025,86.47,87.9,87.9,85.75,86.1,86.46,86.51,29222,25.28,762, 21603, 73.93
SSDL,EQ,10-10-2025,86.46,86.4,87.8,85.82,86.5,87.33,86.92,35209,30.6,744, 21197, 60.20
SSDL,EQ,13-10-2025,87.33,86.25,87.5,86.0,86.05,86.54,86.58,23049,19.96,693, 15106, 65.54
SSDL,EQ,14-10-2025,86.54,86.54,87.25,85.0,86.49,86.31,85.76,34621,29.69,950, 20100, 58.06
SSDL,EQ,15-10-2025,86.31,86.3,87.0,85.11,85.5,85.73,86.02,21273,18.3,589, 13108, 61.62
SSDL,EQ,16-10-2025,85.73,85.7,86.5,85.11,86.49,86.2,86.23,18460,15.92,434, 13469, 72.96
SSDL,EQ,17-10-2025,86.2,86.25,86.66,84.95,85.4,85.13,85.46,24393,20.85,560, 20499, 84.04
SSDL,EQ,20-10-2025,85.13,86.69,86.69,84.93,85.18,85.38,85.53,20568,17.59,541, 12602, 61.27
SSDL,EQ,21-10-2025,85.38,85.5,85.85,85.2,85.85,85.45,85.41,8823,7.54,225, 8375, 94.92
SSDL,EQ,23-10-2025,85.45,85.95,87.19,85.72,86.0,86.21,86.38,27474,23.73,582, 21888, 79.67
SSDL,EQ,24-10-2025,86.21,87.1,87.1,85.71,86.81,86.36,86.21,20642,17.8,460, 13782, 66.77
SSDL,EQ,27-10-2025,86.36,85.65,87.1,85.3,86.53,86.59,86.18,24098,20.77,652, 15729, 65.27
SSDL,EQ,28-10-2025,86.59,86.59,87.23,85.41,85.41,85.62,86.24,35198,30.35,817, 26365, 74.90
SSDL,EQ,29-10-2025,85.62,86.91,86.91,85.0,86.0,85.7,85.61,39008,33.39,769, 27236, 69.82
SSDL,EQ,30-10-2025,85.7,87.0,87.0,85.01,85.11,85.17,85.67,23169,19.85,667, 15364, 66.31
SSDL,EQ,31-10-2025,85.17,85.05,86.29,84.0,84.5,84.62,85.06,31472,26.77,858, 22479, 71.43
SSDL,EQ,03-11-2025,84.62,84.98,85.16,83.43,84.2,84.64,84.27,34805,29.33,893, 21566, 61.96
SSDL,EQ,04-11-2025,84.64,84.63,85.27,83.11,85.0,84.24,84.34,32572,27.47,671, 23066, 70.82
SSDL,EQ,06-11-2025,84.24,84.31,85.0,84.0,84.15,84.51,84.39,15648,13.21,330, 12171, 77.78
SSDL,EQ,07-11-2025,84.51,84.5,84.5,82.8,84.0,83.65,83.48,24691,20.61,678, 17761, 71.93
SSDL,EQ,10-11-2025,83.65,83.4,83.69,82.0,82.2,82.09,82.51,32808,27.07,2387, 25890, 78.91
SSDL,EQ,11-11-2025,82.09,82.15,85.1,82.02,84.94,84.58,83.19,21872,18.19,496, 16031, 73.29
SSDL,EQ,12-11-2025,84.58,84.0,85.5,83.0,83.95,83.61,84.12,28659,24.11,605, 21068, 73.51
SSDL,EQ,13-11-2025,83.61,83.61,84.88,82.7,82.7,83.14,83.7,22328,18.69,733, 16065, 71.95
SSDL,EQ,14-11-2025,83.14,84.05,84.06,82.52,82.55,83.43,83.51,18515,15.46,561, 12806, 69.17
SSDL,EQ,17-11-2025,83.43,85.0,85.5,83.61,84.2,84.25,84.73,55644,47.15,1076, 39120, 70.30
SSDL,EQ,18-11-2025,84.25,84.0,85.48,83.25,84.1,84.58,84.47,26035,21.99,668, 18618, 71.51
SSDL,EQ,19-11-2025,84.58,85.03,85.48,83.0,83.85,83.37,84.0,15557,13.07,510, 10556, 67.85
SSDL,EQ,20-11-2025,83.37,83.5,84.48,83.0,83.97,83.26,83.37,16492,13.75,392, 12143, 73.63
SSDL,EQ,21-11-2025,83.26,82.59,83.25,82.0,83.0,82.71,82.64,18402,15.21,454, 14061, 76.41
SSDL,EQ,24-11-2025,82.71,81.56,82.98,80.71,80.8,80.9,81.72,34795,28.43,814, 26857, 77.19
SSDL,EQ,25-11-2025,80.9,81.7,82.09,80.55,81.2,81.28,81.26,19131,15.54,514, 10249, 53.57
SSDL,EQ,26-11-2025,81.28,84.14,84.14,80.01,81.24,81.3,81.43,48355,39.38,1245, 26169, 54.12
SSDL,EQ,27-11-2025,81.3,83.0,83.0,80.45,82.0,80.87,81.2,23304,18.92,654, 14691, 63.04
SSDL,EQ,28-11-2025,80.87,82.47,82.47,80.8,82.2,81.91,81.66,32151,26.26,906, 20032, 62.31
SSDL,EQ,01-12-2025,81.91,82.35,82.35,79.52,81.3,80.36,80.72,25508,20.59,959, 14089, 55.23
SSDL,EQ,02-12-2025,80.36,80.05,82.66,80.0,82.0,81.35,81.65,27464,22.43,693, 16452, 59.90
SSDL,EQ,03-12-2025,81.35,81.2,81.5,80.1,80.1,80.68,80.98,10228,8.28,389, 7514, 73.46
SSDL,EQ,04-12-2025,80.68,80.55,81.15,79.8,80.05,80.19,80.33,15506,12.46,530, 11792, 76.05
SSDL,EQ,05-12-2025,80.19,80.25,82.08,79.8,80.61,80.52,80.53,12137,9.77,414, 7875, 64.88
SSDL,EQ,08-12-2025,80.52,80.7,81.21,77.52,79.0,78.48,79.28,27543,21.84,934, 21437, 77.83
SSDL,EQ,09-12-2025,78.48,78.0,79.7,77.05,78.48,78.73,78.26,21821,17.08,758, 14707, 67.40
SSDL,EQ,10-12-2025,78.73,78.0,80.29,78.0,78.25,79.01,79.34,19348,15.35,625, 12897, 66.66
SSDL,EQ,11-12-2025,79.01,80.2,81.0,79.3,80.9,80.8,80.15,15733,12.61,510, 10053, 63.90
SSDL,EQ,12-12-2025,80.8,81.0,82.48,79.22,80.5,80.81,80.51,18978,15.28,548, 11877, 62.58
SSDL,EQ,15-12-2025,80.81,80.75,81.58,79.61,79.9,80.14,80.4,10982,8.83,365, 7926, 72.17
SSDL,EQ,16-12-2025,80.14,80.0,80.31,78.8,79.3,79.08,79.56,13635,10.85,526, 9268, 67.97
SSDL,EQ,17-12-2025,79.08,79.87,80.59,76.1,77.75,77.57,77.66,37430,29.07,1163, 22093, 59.02
SSDL,EQ,18-12-2025,77.57,78.0,78.0,76.25,77.13,76.85,76.98,21152,16.28,859, 15410, 72.85
SSDL,EQ,19-12-2025,76.85,76.85,78.84,76.61,77.0,77.15,77.45,15323,11.87,636, 9413, 61.43
SSDL,EQ,22-12-2025,77.15,79.78,79.78,77.51,78.26,77.97,78.17,11943,9.34,625, 7515, 62.92
SSDL,EQ,23-12-2025,77.97,77.65,79.9,77.65,79.9,79.13,79.09,26098,20.64,650, 17496, 67.04
SSDL,EQ,24-12-2025,79.13,79.0,80.69,78.5,78.51,79.02,79.5,16305,12.96,396, 12658, 77.63
SSDL,EQ,26-12-2025,79.02,79.02,79.42,77.8,78.24,78.29,78.3,22677,17.76,541, 13700, 60.41
SSDL,EQ,29-12-2025,78.29,77.5,79.28,76.91,77.1,77.15,77.26,20626,15.94,676, 13314, 64.55
SSDL,EQ,30-12-2025,77.15,76.35,77.5,76.0,76.73,76.84,76.63,19746,15.13,602, 11605, 58.77
SSDL,EQ,31-12-2025,76.84,76.87,78.99,76.0,77.0,76.78,77.3,31496,24.35,614, 21548, 68.42
SSDL,EQ,01-01-2026,76.78,76.85,78.6,76.85,77.95,78.02,77.73,11306,8.79,333, 6897, 61.00
SSDL,EQ,02-01-2026,78.02,79.49,79.49,78.0,78.13,78.16,78.37,16153,12.66,478, 11589, 71.75
SSDL,EQ,05-01-2026,78.16,78.0,78.89,78.0,78.11,78.19,78.39,20325,15.93,401, 15807, 77.77
SSDL,EQ,06-01-2026,78.19,78.19,78.51,78.06,78.45,78.38,78.31,15047,11.78,251, 12066, 80.19
SSDL,EQ,07-01-2026,78.38,78.5,78.51,77.71,78.4,78.24,78.09,15412,12.04,320, 12442, 80.73
SSDL,EQ,08-01-2026,78.24,79.5,79.5,74.0,74.09,74.87,76.11,84969,64.67,1637, 59197, 69.67
SSDL,EQ,09-01-2026,74.87,75.0,75.3,73.05,74.59,73.71,74.23,42884,31.83,851, 28479, 66.41
SSDL,EQ,12-01-2026,73.71,73.66,74.19,71.11,71.7,72.28,72.3,30804,22.27,944, 18782, 60.97
SSDL,EQ,13-01-2026,72.28,74.49,74.49,72.11,72.2,72.66,73.38,12870,9.44,421, 7026, 54.59
SSDL,EQ,14-01-2026,72.66,71.25,73.5,71.25,72.0,71.96,72.32,17918,12.96,549, 10676, 59.58
SSDL,EQ,16-01-2026,71.96,72.05,72.57,71.21,71.5,71.68,71.73,19743,14.16,610, 15900, 80.53
SSDL,EQ,19-01-2026,71.68,71.0,72.08,70.14,70.98,71.22,71.02,21458,15.24,839, 14067, 65.56
SSDL,EQ,20-01-2026,71.22,71.22,72.08,69.7,69.9,69.78,70.12,28296,19.84,790, 17918, 63.32
SSDL,EQ,21-01-2026,69.78,68.2,72.32,67.01,72.32,68.88,68.67,43922,30.16,1098, 22950, 52.25
SSDL,EQ,22-01-2026,68.88,69.1,70.88,67.93,68.84,68.55,69.16,19566,13.53,579, 10966, 56.05
SSDL,EQ,23-01-2026,68.55,68.55,69.7,67.49,68.32,67.6,68.3,26179,17.88,795, 15926, 60.84
SSDL,EQ,27-01-2026,67.6,66.25,67.89,66.25,66.96,66.71,67.11,19836,13.31,583, 11486, 57.90
SSDL,EQ,28-01-2026,66.71,66.45,68.98,66.11,67.5,66.9,67.3,19585,13.18,696, 12571, 64.19
SSDL,EQ,29-01-2026,66.9,67.0,67.25,65.98,66.0,66.04,66.27,30248,20.04,932, 22167, 73.28
SSDL,EQ,30-01-2026,66.04,66.0,68.0,66.0,67.95,67.58,67.29,16886,11.36,482, 9861, 58.40
SSDL,EQ,01-02-2026,67.58,67.58,69.9,66.0,67.0,67.0,68.19,31960,21.79,723, 20812, 65.12
SSDL,EQ,02-02-2026,67.0,68.65,68.65,62.9,64.0,63.85,64.69,127468,82.45,2456, 67300, 52.80
SSDL,EQ,03-02-2026,63.85,66.5,69.26,64.11,67.95,67.78,66.76,68805,45.93,1328, 40530, 58.91
SSDL,EQ,04-02-2026,67.78,68.4,75.0,67.69,71.12,71.84,72.19,108606,78.4,2177, 48257, 44.43
SSDL,EQ,05-02-2026,71.84,73.0,73.0,70.28,70.75,70.84,71.4,14808,10.57,460, 8797, 59.41
SSDL,EQ,06-02-2026,70.84,70.0,75.99,70.0,74.63,73.8,73.81,97302,71.82,1565, 44651, 45.89
SSDL,EQ,09-02-2026,73.8,75.98,77.56,74.64,76.35,76.26,76.06,41612,31.65,863, 24173, 58.09
SSDL,EQ,10-02-2026,76.26,76.23,76.97,73.41,75.65,75.67,75.44,45236,34.13,903, 24788, 54.80
SSDL,EQ,11-02-2026,75.67,74.25,78.99,74.25,77.22,77.6,77.21,60330,46.58,1036, 30521, 50.59
SSDL,EQ,12-02-2026,77.6,77.9,78.91,75.2,76.4,76.35,76.51,33739,25.81,679, 20613, 61.10
SSDL,EQ,13-02-2026,76.35,74.5,76.0,73.0,74.79,74.0,74.16,34225,25.38,815, 18122, 52.95
SSDL,EQ,16-02-2026,74.0,71.0,71.99,66.41,67.5,67.36,67.65,105286,71.23,2328, 57104, 54.24
SSDL,EQ,17-02-2026,67.36,67.39,68.99,67.01,67.01,67.38,67.66,25212,17.06,757, 14666, 58.17
SSDL,EQ,18-02-2026,67.38,67.05,68.02,67.0,67.25,67.2,67.45,13506,9.11,368, 7190, 53.24
SSDL,EQ,19-02-2026,67.2,67.25,67.91,64.5,65.4,65.13,65.76,32101,21.11,1068, 21599, 67.28
SSDL,EQ,20-02-2026,65.13,65.46,65.64,64.16,64.5,64.8,65.0,24199,15.73,603, 14225, 58.78
SSDL,EQ,23-02-2026,64.8,64.2,66.65,64.0,64.62,64.15,64.72,14161,9.17,511, 9171, 64.76
SSDL,EQ,24-02-2026,64.15,64.15,65.88,63.0,63.08,63.23,63.46,28290,17.95,927, 19084, 67.46
SSDL,EQ,25-02-2026,63.23,63.25,64.43,60.97,61.99,61.55,62.3,41035,25.56,983, 26892, 65.53
SSDL,EQ,26-02-2026,61.55,61.16,65.33,61.16,63.86,63.23,63.18,34660,21.9,733, 19992, 57.68
SSDL,EQ,27-02-2026,63.23,62.25,65.19,60.5,62.2,61.35,61.96,27802,17.23,898, 16802, 60.43
SSDL,EQ,02-03-2026,61.35,59.25,60.84,59.0,60.7,59.93,60.02,32241,19.35,1073, 21608, 67.02
SSDL,EQ,04-03-2026,59.93,59.85,62.5,59.12,61.75,61.77,60.81,40438,24.59,916, 23365, 57.78
SSDL,EQ,05-03-2026,61.77,61.7,63.2,61.0,61.4,61.32,61.84,13374,8.27,460, 7653, 57.22
SSDL,EQ,06-03-2026,61.32,61.32,62.4,60.0,60.44,60.43,61.16,21752,13.3,509, 13814, 63.51
SSDL,EQ,09-03-2026,60.43,60.0,60.42,58.1,58.65,58.88,59.19,31524,18.66,641, 22825, 72.41
SSDL,EQ,10-03-2026,58.88,60.38,61.0,59.06,59.34,59.69,59.81,35404,21.18,518, 26996, 76.25
SSDL,EQ,11-03-2026,59.69,59.69,63.32,59.69,60.7,60.53,61.27,32049,19.64,700, 19836, 61.89
SSDL,EQ,12-03-2026,60.53,61.99,61.99,58.6,58.75,59.14,60.0,49214,29.53,617, 36911, 75.00
SSDL,EQ,13-03-2026,59.14,58.8,59.69,57.75,57.75,57.91,58.35,45656,26.64,839, 24707, 54.12
